7 0.20303542673107888 0.7657066666666666 0.2945410628019324 0.46325333333333335
7 0.07994766505636071 0.7776000000000001 0.15989533011272142 0.43946666666666667
0 0.9868276972624798 0.7650266666666666 0.024734299516908236 0.4646133333333333
7 0.41373590982286634 0.5828133333333334 0.05745571658615133 0.16466666666666666
7 0.4440942028985508 0.55184 0.03467793880837363 0.10213333333333337
6 0.4555797101449275 0.5113733333333333 0.029339774557165813 0.11010666666666664
7 0.5871819645732689 0.5503066666666667 0.09909822866344609 0.12808
7 0.5719444444444445 0.5414933333333334 0.08532206119162643 0.09909333333333332
7 0.5442391304347827 0.5235733333333333 0.06198872785829308 0.08533333333333333
6 0.4705233494363929 0.49996 0.019114331723027383 0.06647999999999994
6 0.36395732689210947 0.6083333333333333 0.11474235104669886 0.32232
0 0.80347423510467 0.56264 0.06274557165861519 0.23168