7 0.14053140096618358 0.6267199999999999 0.15959742351046696 0.2266666666666666
4 0.5749718196457327 0.45448 0.03232689210950088 0.09498666666666668
7 0.25955314009661834 0.5591066666666668 0.0859178743961353 0.17437333333333338
7 0.3086070853462158 0.55432 0.05908212560386473 0.11290666666666667
7 0.3393196457326892 0.5332666666666668 0.05495169082125604 0.11442666666666666
7 0.38524154589371984 0.5215333333333333 0.036264090177133675 0.07543999999999998
7 0.4017512077294686 0.5160933333333333 0.030507246376811584 0.06471999999999996
1 0.43926731078904985 0.4950133333333333 0.021111111111111042 0.044853333333333315
1 0.5306763285024155 0.4653066666666667 0.007616747181964602 0.016586666666666663
1 0.5201207729468599 0.4643066666666667 0.00619967793880841 0.014
1 0.6166103059581319 0.47094666666666674 0.010096618357487985 0.05288000000000003
1 0.6631602254428342 0.4764933333333333 0.0142914653784219 0.08066666666666666