7 0.4835466988727859 0.4979333333333334 0.02182769726247988 0.07143999999999998
7 0.3843276972624799 0.5813999999999999 0.0835668276972625 0.22301333333333326
7 0.22350241545893723 0.5560266666666667 0.06880837359098227 0.12304000000000004
0 0.5569162640901771 0.5039866666666667 0.042254428341384785 0.15464000000000003
8 0.34474235104669887 0.5302666666666667 0.008051529790660225 0.13429333333333338
1 0.12345410628019322 0.53484 0.020161030595813197 0.11954666666666662
1 0.023651368760064413 0.5376133333333334 0.011779388083735909 0.07511999999999996
1 0.28281400966183573 0.4917866666666667 0.013454106280193267 0.06677333333333331
1 0.3415217391304348 0.5195466666666666 0.02687600644122383 0.06677333333333331
1 0.44258051529790654 0.4834533333333334 0.034420289855072464 0.05010666666666665
1 0.5310668276972625 0.514 0.015128824476650534 0.09455999999999995