7 0.5043518518518518 0.53932 0.04976650563607081 0.13384
7 0.32214170692431565 0.5910266666666666 0.15276972624798713 0.22424000000000002
7 0.37232689210950076 0.5399466666666667 0.08428341384863125 0.14026666666666665
7 0.39202898550724635 0.5225733333333333 0.08202898550724642 0.11928000000000005
7 0.414573268921095 0.50052 0.06644122383252817 0.08621333333333336
6 0.44319645732689217 0.46718666666666664 0.05677938808373589 0.09789333333333336
8 0.8507246376811594 0.7494 0.11621578099838972 0.4958666666666666
7 0.7677576489533012 0.6894933333333333 0.20867149758454112 0.3692266666666667
7 0.6597262479871175 0.5985866666666666 0.1063446054750402 0.20863999999999994
7 0.6184661835748793 0.5432266666666666 0.07778582930756844 0.1834666666666667
8 0.5650040257648954 0.5108666666666667 0.01314814814814809 0.09736000000000006
7 0.6678945249597423 0.5102266666666666 0.08495169082125603 0.10861333333333331
7 0.1018196457326892 0.61232 0.2036392914653784 0.27189333333333343
7 0.21583333333333332 0.5555066666666667 0.11904186795491145 0.17826666666666674
7 0.500318035426731 0.5014266666666667 0.028832528180354224 0.08706666666666668
7 0.2686231884057971 0.5392800000000001 0.07371980676328503 0.14192
6 0.7740418679549115 0.49374666666666667 0.12822866344605474 0.16045333333333336
7 0.04494363929146538 0.5481866666666666 0.08988727858293076 0.18714666666666668
1 0.307133655394525 0.45983999999999997 0.030225442834138503 0.06954666666666662