7 0.164573268921095 0.58604 0.07286634460547504 0.16263999999999995
6 0.13133252818035426 0.5444933333333334 0.06588566827697262 0.14135999999999999
7 0.19796296296296298 0.57868 0.05294685990338163 0.10583999999999999
7 0.590938003220612 0.5192933333333334 0.03865539452495974 0.07704000000000004
2 0.6569041867954911 0.49194666666666664 0.012278582930756845 0.056480000000000016
1 0.03518921095008052 0.5722266666666667 0.060249597423510465 0.06034666666666665
1 0.2663888888888889 0.5276666666666666 0.01342190016103061 0.04135999999999997
1 0.7307568438003221 0.48334666666666665 0.03259259259259261 0.041946666666666715
1 0.7542713365539453 0.4751066666666666 0.013985507246376816 0.057466666666666694
1 0.6925120772946859 0.4876133333333334 0.01093397745571662 0.05288000000000003
1 0.7847745571658615 0.4889866666666667 0.04112721417069246 0.06677333333333331