8 0.2707802287581699 0.4869324324324324 0.013341503267973889 0.11824324324324324
8 0.3489583333333333 0.4847027027027027 0.008717320261437875 0.08627027027027032
8 0.26962418300653596 0.46727027027027024 0.00980392156862745 0.09162162162162164
7 0.8292606209150327 0.5540405405405405 0.08847222222222229 0.13024324324324324
7 0.894342320261438 0.557445945945946 0.09883169934640525 0.12472972972972975
7 0.9479534313725491 0.5591756756756756 0.10245915032679745 0.12629729729729727
8 0.2874877450980392 0.4673648648648649 0.009534313725490209 0.09802702702702705
8 0.33753676470588234 0.5701756756756757 0.027508169934640538 0.24186486486486497
8 0.4308496732026144 0.5577702702702703 0.042761437908496715 0.26602702702702713
0 0.5968382352941176 0.5713783783783783 0.08785947712418297 0.31675675675675674
0 0.12470179738562091 0.6587837837837838 0.11876633986928105 0.49837837837837834
7 0.5062540849673203 0.5021486486486487 0.029485294117647085 0.07624324324324326
8 0.24899918300653592 0.4745 0.012524509803921556 0.10678378378378375
8 0.18568627450980393 0.473527027027027 0.008986928104575163 0.11862162162162167
8 0.8233333333333334 0.5186891891891892 0.016339869281045753 0.09862162162162165
1 0.47238153594771237 0.47201351351351356 0.009714052287581688 0.021810810810810793
1 0.3873815359477124 0.499554054054054 0.01837418300653591 0.054999999999999986