8 0.9824074074074075 0.60876 0.03357487922705318 0.6386399999999999
0 0.11477858293075685 0.7193999999999999 0.1706682769726248 0.5558666666666666
7 0.8357729468599033 0.7209733333333334 0.32684380032206123 0.55272
7 0.6614049919484702 0.6152266666666666 0.15361513687600642 0.40533333333333327
7 0.6016988727858292 0.5415866666666667 0.09466988727858297 0.26536
7 0.5741747181964574 0.5354800000000001 0.05611111111111115 0.1623733333333333
8 0.5348188405797102 0.4811066666666666 0.01314814814814809 0.10434666666666666
8 0.5385547504025765 0.48488 0.011537842190016044 0.10058666666666666
7 0.4393357487922705 0.48673333333333335 0.023888888888888855 0.07917333333333333
8 0.4918599033816425 0.47864 0.008325281803542608 0.06629333333333329
7 0.37190418679549114 0.5380933333333334 0.05437198067632853 0.12642666666666666
7 0.11014895330112721 0.7623733333333333 0.22029790660225443 0.46992
7 0.23960144927536234 0.6493466666666666 0.16189210950080515 0.30664
7 0.3179710144927536 0.5711466666666667 0.09302737520128826 0.20250666666666667