7 0.280426731078905 0.55064 0.14466988727858293 0.2216
7 0.319951690821256 0.5355866666666667 0.12140096618357486 0.15687999999999996
7 0.6748067632850242 0.4663733333333333 0.05376811594202897 0.11946666666666662
7 0.7142552334943639 0.47273333333333334 0.04817230273752007 0.08429333333333337
7 0.3503140096618358 0.5227066666666667 0.0971497584541063 0.11186666666666671
7 0.3588768115942029 0.5192133333333334 0.07541867954911434 0.10333333333333333
7 0.3705756843800322 0.5014533333333334 0.089573268921095 0.11031999999999993
1 0.44319645732689217 0.4673999999999999 0.038921095008051555 0.04477333333333331
1 0.6164895330112722 0.44697333333333333 0.022286634460547464 0.04029333333333329
1 0.5344162640901772 0.45705333333333337 0.0352576489533011 0.04733333333333333
1 0.7583574879227053 0.4390133333333333 0.048679549114331755 0.061226666666666686
1 0.5017069243156199 0.45568 0.010096618357487893 0.061226666666666686