7 0.2060708534621578 0.6615066666666667 0.14706924315619965 0.2649333333333334
7 0.6023631239935587 0.5684 0.08828502415458944 0.20335999999999999
7 0.29904991948470205 0.5983466666666667 0.09122383252818037 0.16896000000000003
7 0.3606038647342995 0.5452266666666666 0.05639291465378419 0.13706666666666667
7 0.3839573268921095 0.53492 0.04258454106280192 0.10023999999999993
7 0.5204911433172303 0.49344 0.01639291465378423 0.04730666666666669
1 0.4323631239935588 0.5072666666666668 0.020088566827697298 0.03975999999999999
1 0.45958534621578107 0.50236 0.020845410628019312 0.042426666666666654
1 0.48547101449275365 0.47812000000000004 0.01107085346215781 0.029520000000000057
1 0.020982286634460546 0.60844 0.04196457326892109 0.08898666666666667
1 0.5541304347826087 0.46817333333333333 0.037777777777777834 0.052879999999999955
1 0.6564533011272142 0.464 0.08641706924315623 0.06677333333333339
1 0.9894927536231884 0.42790666666666666 0.017793880837359024 0.17234666666666665