7 0.9317471819645733 0.5650533333333333 0.1348953301127214 0.3383733333333333
7 0.0317914653784219 0.7534133333333333 0.0635829307568438 0.48784
7 0.08044685990338164 0.7003733333333333 0.16089371980676329 0.42224
7 0.1349597423510467 0.61344 0.2699194847020934 0.37359999999999993
7 0.27169887278582927 0.55216 0.16673107890499195 0.21855999999999995
7 0.2963486312399356 0.5530533333333333 0.15058776167471818 0.15922666666666668
7 0.1877294685990338 0.5896266666666667 0.22225442834138487 0.2429333333333334
7 0.40317230273752014 0.5059466666666668 0.07921095008051525 0.08191999999999999
7 0.8659460547504026 0.5161866666666667 0.12424315619967799 0.16970666666666662
7 0.5807004830917875 0.5161466666666666 0.08497584541062798 0.10002666666666664
1 0.4966747181964573 0.4806666666666667 0.010096618357487893 0.07232000000000001