7 0.6611030595813204 0.5714266666666666 0.11708534621578097 0.27191999999999994
7 0.10753623188405798 0.7769066666666667 0.21507246376811595 0.4408533333333333
7 0.23183977455716587 0.6688133333333334 0.18936392914653785 0.33565333333333336
7 0.44153784219001607 0.5022933333333334 0.03528180354267306 0.08058666666666667
7 0.6147866344605476 0.5411066666666666 0.06235909822866339 0.14066666666666666
7 0.5945692431561997 0.5164533333333334 0.04690016103059581 0.12202666666666671
7 0.5834420289855072 0.5025733333333333 0.036207729468599056 0.09432000000000001
7 0.4856682769726248 0.47650666666666663 0.018115942028985508 0.04512000000000004
1 0.5101409017713365 0.4608933333333334 0.024581320450885645 0.026853333333333316
1 0.5356763285024154 0.46124 0.009259259259259259 0.039013333333333323
1 0.5616787439613526 0.4820533333333333 0.024355877616747183 0.0695466666666667