7 0.29368760064412236 0.6597066666666667 0.15566827697262484 0.29402666666666666
7 0.13574476650563608 0.7053200000000001 0.19768921095008055 0.31314666666666663
7 0.5328582930756843 0.5194933333333334 0.035088566827697294 0.09680000000000002
7 0.36882850241545895 0.58196 0.06921900161030593 0.1555466666666667
7 0.6673389694041868 0.49332000000000004 0.11548309178743957 0.11613333333333337
7 0.6483091787439614 0.47502666666666665 0.09645732689210955 0.13304000000000005
6 0.8504790660225443 0.4216533333333333 0.10208534621578107 0.11786666666666663
1 0.4952093397745571 0.4848666666666666 0.007294685990338212 0.02647999999999994
1 0.4300523349436393 0.5116666666666667 0.047302737520128826 0.07602666666666665
1 0.47717391304347834 0.4828533333333333 0.010772946859903378 0.025279999999999973
1 0.7671578099838969 0.439 0.0998389694041868 0.08344000000000006
1 0.5650281803542673 0.4723333333333333 0.03609500805152973 0.055653333333333346
1 0.6115821256038647 0.49317333333333335 0.0671256038647343 0.064