7 0.872049114331723 0.7444933333333333 0.25429146537842195 0.50568
7 0.06587359098228664 0.7006933333333333 0.13174718196457327 0.5126933333333333
7 0.1411111111111111 0.6488933333333333 0.2822222222222222 0.3389066666666667
7 0.17671900161030596 0.61144 0.19543478260869568 0.2528
7 0.2797061191626409 0.5486533333333333 0.11485507246376814 0.16728000000000004
7 0.3050402576489533 0.5466533333333333 0.10864734299516908 0.1383733333333333
6 0.3323228663446055 0.5163333333333333 0.11685185185185185 0.16781333333333334
7 0.6210185185185185 0.5224 0.07425925925925918 0.10543999999999998
7 0.5191183574879227 0.5071333333333333 0.030861513687600584 0.07090666666666667
1 0.4111352657004831 0.47913333333333336 0.04660225442834143 0.07298666666666667
1 0.4489734299516908 0.4653866666666666 0.02860708534621576 0.02624000000000001
1 0.4868357487922706 0.4763733333333333 0.02547504025764894 0.06352000000000006