7 0.41852538275584206 0.5094281914893617 0.017518130539887194 0.04710106382978726
7 0.4679774375503626 0.5599734042553192 0.06286865431103947 0.17276595744680853
7 0.03719178082191781 0.7546143617021277 0.07438356164383562 0.411781914893617
6 0.03870668815471394 0.5801861702127659 0.07741337630942788 0.28718085106382973
7 0.15098710717163577 0.6515026595744681 0.1620064464141821 0.2711968085106383
7 0.38217566478646253 0.5479654255319149 0.04477034649476229 0.13710106382978726
7 0.24336825141015309 0.5688829787234042 0.08265914585012088 0.15015957446808512
7 0.1625020145044319 0.5650797872340426 0.09464141821112006 0.14037234042553193
7 0.3027880741337631 0.5348670212765958 0.042224012892828344 0.09148936170212768
6 0.2139887187751813 0.520093085106383 0.06478646253021755 0.13242021276595742
7 0.3221595487510073 0.5232845744680851 0.03195809830781625 0.07124999999999998
6 0.3440370668815471 0.4919547872340425 0.024093473005640593 0.09146276595744678
2 0.38284448025785656 0.48488031914893615 0.028396454472199847 0.10954787234042553