7 0.47228041901692186 0.5430053191489362 0.045269943593875955 0.13622340425531915
7 0.05194601128122482 0.6828590425531915 0.10389202256244964 0.37619680851063836
7 0.18230056406124096 0.7357978723404255 0.3136422240128928 0.5230851063829788
7 0.25848912167606763 0.5605053191489362 0.0926269137792103 0.17702127659574468
7 0.3981869460112812 0.5551462765957447 0.0643996776792909 0.16321808510638292
7 0.34041901692183724 0.5311170212765958 0.045269943593875914 0.09196808510638302
7 0.2212369057211926 0.5439893617021277 0.07058017727639003 0.1104787234042553
7 0.4198146655922643 0.5284042553191489 0.035342465753424625 0.08750000000000001
7 0.4358501208702659 0.5132446808510638 0.024190169218372266 0.058829787234042565
7 0.30987912973408543 0.5190159574468085 0.038984689766317485 0.07430851063829787
7 0.06717163577759871 0.5933643617021276 0.13434327155519743 0.18571808510638294