7 0.20411030595813204 0.6978933333333335 0.20161835748792267 0.3630933333333334
7 0.8681360708534621 0.75708 0.2621175523349436 0.48050666666666664
7 0.3152576489533011 0.6015333333333333 0.10592592592592592 0.20594666666666664
7 0.7091706924315619 0.6496266666666667 0.15876006441223828 0.3246933333333334
7 0.3620209339774557 0.5653866666666666 0.0785024154589372 0.14474666666666666
7 0.6313687600644122 0.5776266666666667 0.09679549114331726 0.20997333333333335
7 0.4276207729468599 0.5170266666666666 0.032439613526570064 0.07997333333333335
7 0.5996296296296296 0.5467866666666668 0.06204508856682765 0.15234666666666674
7 0.5840901771336554 0.52652 0.04523349436392911 0.11864000000000002
7 0.5713123993558775 0.51868 0.03921095008051524 0.09640000000000001
1 0.48322463768115936 0.47884 0.05018518518518522 0.04541333333333333
1 0.538611111111111 0.4820533333333333 0.023518518518518456 0.0584533333333333