8 0.7083562197092084 0.6978074866310161 0.0732390953150242 0.5804812834224597
8 0.1644184168012924 0.7012566844919785 0.08077544426494346 0.5921390374331551
8 0.04690630048465266 0.7068716577540107 0.09381260096930533 0.5809090909090909
8 0.9892407108239094 0.6586898395721925 0.01990306946688215 0.6772727272727272
8 0.5057552504038773 0.5175000000000001 0.03446688206785143 0.23430481283422466
8 0.6688166397415186 0.6556951871657754 0.03527463651050087 0.45336898395721925
8 0.6138085621970921 0.6153475935828877 0.04388529886914372 0.3797326203208556
8 0.5929119547657513 0.5861898395721925 0.03257673667205173 0.3239304812834225
8 0.6634127625201938 0.5566978609625668 0.05734248788368337 0.3097058823529412
8 0.6256583198707594 0.5944786096256685 0.024773828756058124 0.3179946524064171
8 0.6587883683360258 0.5168983957219251 0.04255250403877217 0.24930481283422462
7 0.4571122778675282 0.49008021390374334 0.04656704361873989 0.1192513368983957
1 0.035262520193861065 0.6681550802139038 0.07052504038772213 0.5362032085561498
1 0.5516397415185783 0.48621657754010694 0.02604200323101778 0.11120320855614967