7 0.4974033816425121 0.5029333333333333 0.02158615136876002 0.068
7 0.9287761674718196 0.7769333333333334 0.14083735909822873 0.4408
7 0.601743156199678 0.5727733333333334 0.08137681159420285 0.1970666666666667
7 0.8194887278582931 0.7325333333333333 0.3440660225442834 0.5296
7 0.17466988727858293 0.5956133333333333 0.12863123993558775 0.1477066666666667
7 0.048864734299516904 0.60228 0.09772946859903381 0.15144
7 0.5810466988727859 0.5484399999999999 0.056086956521739104 0.15266666666666667
8 0.5713365539452495 0.5005333333333333 0.008582930756843774 0.09125333333333333
7 0.5469806763285024 0.5131066666666666 0.03318840579710147 0.08786666666666663
1 0.3931964573268921 0.51376 0.05223832528180349 0.06885333333333332
1 0.5214210950080516 0.48344000000000004 0.022681159420289913 0.061226666666666686