0 0.0817109500805153 0.76144 0.1634219001610306 0.47178666666666663
7 0.14803945249597425 0.6389333333333334 0.2634863123993559 0.27098666666666676
7 0.2267673107890499 0.6076666666666667 0.19490338164251206 0.2172533333333334
7 0.2878864734299517 0.5738 0.11169887278582932 0.15917333333333333
7 0.5714251207729469 0.5728 0.0759581320450886 0.17850666666666665
7 0.35741143317230273 0.5354666666666666 0.08226247987117553 0.10592
7 0.5318478260869566 0.5167866666666667 0.03271336553945249 0.09026666666666665
6 0.5055475040257649 0.47224 0.015748792270531355 0.05994666666666672
1 0.42161030595813204 0.49733333333333335 0.05119162640901766 0.07232000000000001
1 0.45474637681159424 0.47372 0.04364734299516902 0.05288000000000003
1 0.49039049919484706 0.4778933333333333 0.022681159420289823 0.027893333333333353
1 0.9693639291465379 0.6834666666666667 0.05805152979066015 0.6224000000000001