7 0.956952495974235 0.7542266666666666 0.0844847020933978 0.4862133333333334
7 0.2774074074074074 0.6125066666666666 0.11006441223832528 0.2196266666666667
7 0.6875644122383252 0.6566133333333334 0.17258454106280194 0.3653866666666667
7 0.6160024154589372 0.5796666666666667 0.09656199677938804 0.21997333333333335
7 0.33289049919484703 0.5759733333333333 0.06507246376811594 0.15072000000000002
8 0.6165177133655395 0.4990533333333333 0.014484702093397753 0.15927999999999998
8 0.6278985507246376 0.49781333333333333 0.013558776167471845 0.15903999999999996
7 0.5875040257648954 0.5473866666666666 0.058454106280193256 0.14261333333333331
1 0.04111513687600644 0.5834400000000001 0.08223027375201288 0.1667733333333333
1 0.10668679549114331 0.56816 0.09229468599033816 0.09178666666666671
1 0.3738123993558776 0.50012 0.042809983896940434 0.04456000000000002
1 0.7143196457326891 0.4723333333333333 0.06293880837359095 0.08344000000000006