6 0.8003502415458937 0.49866666666666665 0.3976892109500805 0.9973333333333333
7 0.10881239935587762 0.6559866666666667 0.21762479871175525 0.43074666666666667
7 0.14063607085346214 0.6174666666666667 0.2812721417069243 0.3064533333333333
7 0.2747061191626409 0.5502400000000001 0.1729549114331723 0.19717333333333334
7 0.3581360708534621 0.5192133333333333 0.10714170692431557 0.11981333333333327
6 0.3558373590982287 0.47612000000000004 0.1286312399355878 0.20520000000000005
7 0.5578703703703703 0.5333733333333333 0.05089371980676331 0.12365333333333327
7 0.6178582930756844 0.51624 0.06966183574879226 0.09813333333333336
1 0.5092552334943639 0.4695599999999999 0.016803542673107894 0.04456000000000002
1 0.44719404186795486 0.4764933333333333 0.06545088566827695 0.08066666666666666
1 0.496682769726248 0.464 0.02855072463768119 0.03344000000000005