7 0.05950885668276972 0.78012 0.11901771336553944 0.4344266666666667
7 0.308768115942029 0.6876000000000001 0.1479227053140097 0.3376533333333334
7 0.14758051529790658 0.7139066666666666 0.21372785829307567 0.36824
0 0.7590378421900161 0.6969466666666667 0.15300322061191624 0.4080266666666667
0 0.8639895330112721 0.7465733333333334 0.19276167471819644 0.50152
7 0.41549114331723025 0.5627333333333333 0.048035426731078926 0.13554666666666662
7 0.4417834138486312 0.5317066666666667 0.027334943639291412 0.08111999999999997
6 0.45124396135265693 0.5037466666666666 0.023003220611916304 0.08792
7 0.5617995169082125 0.5408133333333334 0.08437198067632848 0.10994666666666664
7 0.5524677938808373 0.5290666666666667 0.07488727858293075 0.08719999999999997
7 0.5279146537842191 0.52072 0.05599033816425127 0.0773866666666667
6 0.4627737520128825 0.5001066666666667 0.0168196457326892 0.0554666666666667
6 0.38180756843800323 0.5751200000000001 0.08377616747181965 0.24304000000000003
1 0.49667874396135264 0.5070533333333332 0.015128824476650534 0.05288000000000003