6 0.7780756843800322 0.58856 0.11484702093397754 0.3829866666666666
7 0.465402576489533 0.6256133333333334 0.13587761674718196 0.23597333333333337
7 0.36625201288244763 0.5883466666666667 0.14564412238325286 0.2763733333333333
7 0.6417793880837358 0.5360133333333333 0.06227053140096621 0.15490666666666666
7 0.8050925925925926 0.5005866666666666 0.051376811594202855 0.12837333333333328
6 0.8520652173913043 0.45357333333333333 0.05669082125603871 0.16010666666666673
5 0.7910024154589371 0.4286933333333333 0.05223027375201288 0.2218133333333333
2 0.27747584541062803 0.6455333333333334 0.20918679549114327 0.16445333333333337
7 0.22454106280193237 0.6109333333333334 0.1546376811594203 0.19104000000000004
7 0.1401489533011272 0.613 0.11958937198067635 0.15218666666666672
2 0.164585346215781 0.6192 0.10495169082125601 0.15338666666666662
2 0.242914653784219 0.53796 0.047520128824476635 0.1202933333333333