7 0.5136916264090177 0.5925866666666667 0.06472624798711764 0.17872000000000002
7 0.26865539452495973 0.5466133333333334 0.06352657004830917 0.11109333333333332
0 0.6765217391304348 0.55068 0.06407407407407402 0.16002666666666665
6 0.5595652173913044 0.5126133333333334 0.04362318840579715 0.15253333333333338
8 0.4105475040257649 0.5446799999999999 0.012351046698872811 0.16125333333333333
6 0.34183977455716585 0.51588 0.03532206119162641 0.07842666666666666
7 0.39894122383252817 0.5339333333333334 0.06987922705314012 0.10424000000000001
7 0.41638888888888886 0.5273333333333333 0.0638727858293076 0.07503999999999997
7 0.4336795491143317 0.5275599999999999 0.048035426731078926 0.06738666666666669
7 0.4863969404186796 0.54432 0.037012882447665076 0.10928000000000004
1 0.4719363929146538 0.48342666666666667 0.03609500805152973 0.055653333333333346
1 0.5138727858293076 0.47787999999999997 0.01932367149758454 0.05010666666666665