7 0.09014492753623188 0.7733466666666666 0.18028985507246376 0.44797333333333333
7 0.2097302737520129 0.6812266666666666 0.20479066022544284 0.32933333333333326
7 0.8427979066022545 0.7518933333333333 0.3127938808373591 0.49088000000000004
7 0.3881159420289855 0.5346266666666667 0.04842190016103058 0.11304000000000004
7 0.692608695652174 0.6514 0.15793880837359095 0.33149333333333336
7 0.6285950080515298 0.5759066666666667 0.08672302737520132 0.2023733333333333
7 0.5959219001610306 0.5482133333333333 0.06414653784219007 0.14559999999999998
7 0.40739533011272144 0.5246666666666666 0.043438003220611955 0.09845333333333338
7 0.5816666666666667 0.5289466666666667 0.04561996779388081 0.11341333333333334
1 0.5080032206119163 0.48484 0.03106280193236718 0.04733333333333333
1 0.5389653784219002 0.48435999999999996 0.03582125603864735 0.056133333333333285