7 0.22166666666666668 0.5358 0.10294685990338165 0.1122933333333333
6 0.3306924315619968 0.49533333333333335 0.07354267310789048 0.10373333333333327
8 0.7186151368760064 0.5410533333333334 0.018743961352656983 0.20749333333333334
7 0.38557971014492753 0.5090399999999999 0.06431561996779392 0.08842666666666665
7 0.5267995169082126 0.4819466666666667 0.02411433172302741 0.051200000000000044
7 0.48536231884057973 0.49949333333333334 0.042882447665056354 0.06794666666666671
1 0.557061191626409 0.4778933333333333 0.030225442834138458 0.061226666666666686
1 0.6363244766505637 0.47373333333333334 0.026030595813204542 0.064
1 0.6744806763285024 0.46401333333333333 0.02519323671497591 0.04456000000000002
1 0.8489371980676328 0.4612266666666666 0.23990338164251201 0.061226666666666686
1 0.13939613526570047 0.49873333333333336 0.04867954911433173 0.114