7 0.6522141706924315 0.5940666666666666 0.10684380032206113 0.22413333333333335
7 0.5338969404186795 0.49204 0.0557326892109501 0.06365333333333327
8 0.40503220611916263 0.5115866666666666 0.009935587761674743 0.11218666666666664
0 0.6970893719806764 0.5241466666666666 0.05078099838969408 0.13181333333333334
7 0.6821376811594203 0.47857333333333335 0.05514492753623189 0.06813333333333337
7 0.8191384863123994 0.47019999999999995 0.07305958132045089 0.06594666666666664
6 0.9687359098228664 0.46103999999999995 0.06091787439613533 0.08608
7 0.3257165861513687 0.5110399999999999 0.05167471819645733 0.06672000000000003
7 0.22799919484702094 0.5150399999999999 0.04377616747181965 0.06213333333333329
7 0.48587359098228666 0.48756000000000005 0.017334943639291445 0.03933333333333333
7 0.45856280193236715 0.48777333333333334 0.020152979066022522 0.04013333333333336
1 0.5801328502415459 0.47373333333333334 0.01261674718196454 0.030666666666666665
1 0.08194041867954911 0.5265066666666667 0.07636070853462158 0.064