7 0.07995169082125604 0.7795733333333335 0.15990338164251208 0.43551999999999996
7 0.6694404186795491 0.6295733333333333 0.15665861513687604 0.32880000000000004
7 0.2166988727858293 0.6542266666666666 0.15342995169082127 0.25495999999999996
7 0.3274355877616747 0.5663733333333333 0.07673913043478262 0.17472000000000001
7 0.4547624798711756 0.50352 0.024178743961352726 0.05589333333333336
7 0.3627858293075685 0.5404666666666667 0.05389694041867955 0.12093333333333332
7 0.397878421900161 0.5245466666666666 0.035016103059581284 0.0764533333333333
7 0.5240700483091787 0.4927866666666667 0.01820450885668278 0.051706666666666706
7 0.5882971014492754 0.47898666666666667 0.05416264090177132 0.056106666666666645
1 0.42664653784219 0.50568 0.022681159420289913 0.061226666666666686
1 0.48619162640901764 0.46817333333333333 0.01093397745571662 0.04178666666666671
1 0.6811956521739131 0.48344000000000004 0.29525764895330114 0.09456000000000002
1 0.5121980676328504 0.47928000000000004 0.027713365539452462 0.03621333333333337