8 0.5353022875816994 0.4734864864864865 0.017107843137254854 0.15681081081081077
8 0.244640522875817 0.5368513513513513 0.03145424836601307 0.3275945945945946
8 0.7195710784313726 0.7473783783783783 0.07441993464052281 0.4998378378378378
8 0.7907393790849673 0.727527027027027 0.0878186274509804 0.5395405405405406
8 0.5055596405228758 0.4857837837837838 0.028897058823529415 0.18059459459459457
8 0.526421568627451 0.5393783783783783 0.03166666666666666 0.32718918918918927
8 0.5223202614379084 0.5166891891891893 0.027924836601307148 0.2908918918918919
8 0.48298202614379093 0.5406351351351352 0.032107843137254954 0.32391891891891883
8 0.4619934640522876 0.536527027027027 0.032924836601307156 0.33521621621621617
8 0.4304616013071895 0.4772432432432432 0.02352124183006533 0.17929729729729732
8 0.4483823529411765 0.46931081081081083 0.016143790849673195 0.188027027027027
8 0.4223202614379086 0.47175675675675677 0.018022875816993512 0.17356756756756755
8 0.4017933006535948 0.4759864864864865 0.01829248366013071 0.18343243243243246
8 0.3384232026143791 0.4753243243243243 0.01965686274509804 0.18291891891891893
8 0.3575776143790849 0.48067567567567565 0.016397058823529407 0.16048648648648647
8 0.3780147058823529 0.4723378378378378 0.017352941176470595 0.18305405405405403
6 0.10939542483660131 0.49864864864864866 0.21879084967320261 0.9972972972972973
1 0.28632352941176475 0.5028513513513514 0.046209150326797385 0.16672972972972971
1 0.7871936274509804 0.38897297297297295 0.42154411764705885 0.08897297297297302