8 0.6435177705977383 0.6804010695187166 0.056001615508885334 0.4764705882352941
8 0.7022576736672052 0.6632620320855614 0.06758481421647825 0.4870053475935828
8 0.04048061389337641 0.6933957219251337 0.06273828756058158 0.4868449197860963
8 0.315391760904685 0.5921791443850268 0.03850565428109856 0.2928074866310161
8 0.5460581583198707 0.5500267379679145 0.021809369951534735 0.20406417112299463
8 0.7067528271405493 0.5756550802139038 0.06699515347334406 0.30911764705882355
8 0.915242326332795 0.5826470588235294 0.07161550888529894 0.4115508021390375
8 0.8352705977382876 0.5638235294117647 0.03931340872374804 0.323903743315508
8 0.36494345718901455 0.56548128342246 0.026930533117932174 0.20016042780748658
2 0.3527544426494346 0.6084625668449197 0.031890145395799645 0.13318181818181818
8 0.3382471728594507 0.5637834224598931 0.025848142164781908 0.20590909090909096
8 0.9634168012924071 0.5744652406417112 0.06273021001615497 0.391283422459893
7 0.4420840064620355 0.49204545454545456 0.02563812600969306 0.08569518716577543
7 0.37068255250403875 0.5171657754010696 0.06598546042003231 0.18406417112299467
6 0.3949757673667205 0.5082085561497326 0.04227786752827139 0.14058823529411768
1 0.030444264943457193 0.6878208556149733 0.05387722132471729 0.44040106951871666
1 0.5788812600969305 0.5507620320855615 0.019507269789983826 0.14558823529411768
1 0.47340872374798065 0.4878475935828877 0.025234248788368344 0.07836898395721925
1 0.5283602584814217 0.5473395721925133 0.008045234248788398 0.12147058823529407
1 0.5640387722132472 0.5456016042780749 0.007528271405492771 0.1524866310160428