6 0.427938808373591 0.5433733333333333 0.06819645732689214 0.24743999999999997
6 0.8905756843800322 0.4741333333333333 0.2172383252818035 0.4351466666666667
7 0.1913244766505636 0.5964133333333334 0.12640096618357488 0.19677333333333338
7 0.0809621578099839 0.5728266666666667 0.16173107890499194 0.2634666666666666
7 0.35225040257648954 0.51864 0.05359903381642511 0.1250666666666667
7 0.6365257648953302 0.5448799999999999 0.09907407407407413 0.17376
7 0.47652576489533016 0.4811066666666666 0.03152173913043477 0.09848000000000001
6 0.5166948470209339 0.4553333333333333 0.03582125603864735 0.12229333333333336
7 0.701304347826087 0.5242133333333333 0.10510466988727855 0.18144
7 0.7818719806763286 0.5357066666666667 0.12656199677938812 0.15450666666666674
5 0.47154186795491143 0.43687999999999994 0.035000000000000024 0.17424
2 0.04732689210950081 0.6321466666666666 0.09465378421900161 0.1336266666666667