7 0.4697624798711755 0.5515599999999999 0.04575684380032209 0.12189333333333335
7 0.29012882447665056 0.56948 0.1436231884057971 0.19778666666666664
7 0.36432367149758454 0.52816 0.08112721417069242 0.10319999999999997
7 0.3807608695652174 0.5288266666666667 0.0683816425120773 0.08783999999999999
7 0.44105072463768114 0.5174133333333333 0.03140901771336553 0.06858666666666666
2 0.13375201288244767 0.7125466666666667 0.12938808373590982 0.3103733333333333
2 0.041292270531400964 0.6996666666666667 0.08258454106280193 0.3104799999999999
7 0.8429549114331724 0.77032 0.3124798711755234 0.45402666666666663
6 0.5518075684380033 0.49965333333333334 0.06620772946859906 0.2042133333333333
6 0.31867149758454105 0.49755999999999995 0.059049919484702076 0.12989333333333336
7 0.4813607085346216 0.5251066666666666 0.03154589371980682 0.09533333333333334