7 0.9568913398692811 0.45343243243243236 0.08458333333333332 0.20324324324324328
7 0.42163807189542485 0.5210405405405405 0.04358660130718951 0.10559459459459458
0 0.6000980392156863 0.47629729729729725 0.032598039215686256 0.1004864864864865
0 0.5483946078431372 0.49225675675675673 0.029714052287581703 0.09716216216216221
0 0.47881944444444446 0.4804594594594594 0.02459967320261439 0.07562162162162159
0 0.2942361111111111 0.5306891891891893 0.03242647058823529 0.11472972972972978
8 0.3795588235294118 0.5007297297297297 0.018839869281045755 0.09918918918918923
7 0.7958823529411765 0.43298648648648647 0.0676633986928105 0.06921621621621618
1 0.5101184640522876 0.4611216216216216 0.02678921568627448 0.045540540540540526
1 0.7322589869281046 0.4593918918918919 0.05647875816993464 0.07310810810810814
1 0.8705433006535949 0.4180405405405406 0.05595588235294118 0.07310810810810806