0 0.6801756535947713 0.5608378378378378 0.042589869281045745 0.31335135135135145
8 0.5439256535947713 0.5717297297297298 0.03156045751633987 0.25502702702702706
2 0.38107843137254904 0.5489594594594595 0.03895424836601303 0.23110810810810808
0 0.399093137254902 0.5153918918918918 0.029803921568627465 0.14808108108108106
8 0.6865972222222222 0.5065540540540541 0.02056372549019614 0.19813513513513514
8 0.5526143790849674 0.4805135135135135 0.015343137254901938 0.11486486486486487
8 0.5393382352941176 0.4863513513513513 0.013022875816993509 0.10891891891891888
8 0.5437377450980392 0.48521621621621613 0.011478758169934603 0.10886486486486487
8 0.583218954248366 0.46759459459459457 0.008562091503267989 0.11232432432432433
8 0.5946486928104574 0.46833783783783783 0.015653594771241803 0.12116216216216212
1 0.4689746732026144 0.458527027027027 0.017410130718954205 0.047270270270270295
1 0.7957965686274511 0.47059459459459463 0.02626633986928103 0.10929729729729729
1 0.44837826797385627 0.46256756756756756 0.017655228758169945 0.04172972972972972