7 0.4949879129734085 0.5623271276595745 0.0673489121676068 0.20242021276595748
7 0.08098307816277196 0.6638829787234043 0.16196615632554393 0.30420212765957444
7 0.19676873489121677 0.701502659574468 0.2287671232876712 0.4263563829787234
7 0.3602538275584206 0.5606515957446808 0.06508460918614019 0.13874999999999996
7 0.29334004834810634 0.543843085106383 0.06933924254633361 0.1258244680851063
7 0.40104351329572924 0.5269547872340425 0.04605157131345687 0.10156914893617021
2 0.4227034649476229 0.45763297872340425 0.05406124093473008 0.18398936170212768
2 0.4519500402900886 0.4592420212765958 0.022755842062852544 0.10375000000000005
7 0.09161563255439163 0.583470744680851 0.15191780821917808 0.18077127659574468
7 0.19564867042707496 0.545093085106383 0.0791941982272361 0.12125000000000001
6 0.33244560838033843 0.4984707446808511 0.03775181305398874 0.08470744680851063
7 0.5374174053182916 0.4998537234042553 0.01663980660757452 0.03917553191489359