7 0.07285426731078905 0.7125733333333334 0.1457085346215781 0.56952
7 0.09619565217391304 0.666 0.1923913043478261 0.36560000000000004
7 0.22221417069243157 0.5733733333333333 0.19619967793880835 0.22903999999999997
7 0.29533413848631235 0.5408799999999999 0.1350161030595813 0.20378666666666664
7 0.5992351046698873 0.5930533333333333 0.08695652173913043 0.2054666666666667
7 0.8588123993558776 0.7577866666666667 0.28076489533011273 0.4790933333333333
7 0.5518880837359098 0.5285866666666666 0.04715780998389698 0.1306133333333334
7 0.34828904991948473 0.5303599999999999 0.10198872785829309 0.12210666666666664
7 0.5401489533011272 0.5208933333333333 0.03643317230273752 0.08605333333333336
7 0.5285305958132045 0.5066933333333333 0.02578904991948477 0.0787733333333333
1 0.45674718196457326 0.49733333333333335 0.10961352657004834 0.12154666666666662