8 0.37141760904684973 0.65524064171123 0.04335218093699512 0.3239572192513369
8 0.723529886914378 0.5652673796791444 0.031227786752827114 0.2503743315508022
8 0.31543214862681745 0.6212032085561497 0.02073505654281095 0.30171122994652405
8 0.40918012924071084 0.5827540106951872 0.031235864297253602 0.23791443850267377
8 0.6426655896607432 0.5428609625668449 0.027463651050080775 0.21705882352941178
8 0.4895032310177706 0.5416176470588235 0.015613893376413512 0.17173796791443854
8 0.4624151857835218 0.5313235294117648 0.012116316639741519 0.1394919786096257
8 0.4664176090468497 0.5151470588235295 0.017229402261712472 0.12895721925133688
6 0.7717245557350565 0.49866310160427807 0.002819063004846534 0.9973262032085561
1 0.44086429725363485 0.5309358288770053 0.02054927302100157 0.14732620320855613
1 0.536175282714055 0.5068181818181818 0.06325525040387726 0.1266310160427807
1 0.8876615508885298 0.49732620320855614 0.22144588045234248 0.9946524064171123