7 0.7501972624798712 0.6475866666666666 0.22781803542673112 0.4552266666666666
7 0.09999597423510466 0.7682800000000001 0.19999194847020932 0.45810666666666666
7 0.42526570048309176 0.5267200000000001 0.04144927536231881 0.09381333333333335
7 0.646219806763285 0.5840133333333333 0.08975040257648956 0.19245333333333345
7 0.6107487922705314 0.5462 0.06070853462157808 0.15234666666666666
7 0.5922946859903382 0.5288933333333333 0.04400966183574886 0.11309333333333332
7 0.5802012882447665 0.5168266666666667 0.03637681159420295 0.09413333333333336
7 0.47711352657004835 0.49387999999999993 0.019750402576489603 0.04909333333333332
1 0.5260185185185186 0.47403999999999996 0.03773752012882448 0.05426666666666665
1 0.558743961352657 0.50844 0.021835748792270536 0.07789333333333336
1 0.4601972624798712 0.5042800000000001 0.026030595813204542 0.07511999999999996