7 0.11636876006441224 0.6368533333333333 0.23273752012882448 0.4490666666666666
7 0.8189774557165862 0.7623466666666666 0.3604347826086956 0.46997333333333335
7 0.5890499194847021 0.58272 0.08096618357487918 0.2197866666666667
7 0.174158615136876 0.6386266666666667 0.21556360708534622 0.278
7 0.24119162640901773 0.6092666666666666 0.16225442834138484 0.2214666666666667
7 0.2597423510466989 0.5848 0.17267310789049917 0.20015999999999992
7 0.55993961352657 0.5559333333333333 0.056095008051529754 0.12978666666666672
7 0.5389170692431562 0.5302133333333333 0.03527375201288249 0.10570666666666671
7 0.3745410628019324 0.5192133333333333 0.06080515297906601 0.11111999999999997
7 0.4012238325281804 0.5225599999999999 0.05436392914653787 0.07104000000000003
1 0.47341384863124 0.49648000000000003 0.08565217391304347 0.09221333333333337