7 0.6055072463768115 0.5786266666666666 0.09272141706924313 0.21922666666666663
7 0.929351851851852 0.59116 0.13968599033816426 0.3721866666666667
7 0.8869484702093398 0.49709333333333333 0.22449275362318843 0.34581333333333336
2 0.26916264090177133 0.6419733333333334 0.08109500805152982 0.13402666666666666
7 0.3143760064412239 0.57292 0.0817471819645733 0.17448000000000002
7 0.10580917874396134 0.7559466666666668 0.21161835748792268 0.40752
7 0.766743156199678 0.49339999999999995 0.1673510466988728 0.18957333333333334
7 0.38048711755233494 0.5315066666666667 0.0446779388083736 0.10071999999999995
1 0.42748389694041866 0.5029066666666667 0.07467793880837355 0.08901333333333332
1 0.5142874396135265 0.47650666666666663 0.04699677938808374 0.064
1 0.6098993558776168 0.4653733333333333 0.06545088566827695 0.08621333333333336