8 0.5660587761674719 0.5048533333333333 0.007946859903381646 0.07317333333333333
6 0.0818719806763285 0.5372800000000001 0.10662640901771338 0.13589333333333337
2 0.1528582930756844 0.5294666666666668 0.03998389694041868 0.08634666666666665
7 0.17258856682769727 0.5589200000000001 0.07880032206119165 0.12392
7 0.1350402576489533 0.5594266666666666 0.09312399355877618 0.11351999999999998
7 0.2929991948470209 0.5180666666666666 0.04424315619967793 0.07922666666666668
7 0.26538244766505636 0.5176666666666667 0.04459742351046698 0.07735999999999997
7 0.3625523349436393 0.5021066666666666 0.025458937198067636 0.04965333333333335
1 0.4828381642512077 0.47928000000000004 0.024355877616747183 0.025119999999999965
1 0.44635668276972623 0.48484 0.005064412238325253 0.019546666666666625
1 0.5444847020933977 0.4876133333333333 0.030225442834138458 0.08066666666666666
1 0.6476409017713365 0.49733333333333335 0.12247987117552335 0.08901333333333332