7 0.20787037037037037 0.7525333333333333 0.28475845410628015 0.4896
7 0.3677254428341385 0.6228266666666666 0.09160225442834141 0.2372266666666667
6 0.41002415458937197 0.5226666666666666 0.06524959742351044 0.21765333333333334
7 0.10680756843800322 0.7610666666666666 0.21361513687600645 0.4427200000000001
7 0.6803220611916264 0.5911866666666666 0.22275362318840577 0.28152000000000005
7 0.624669887278583 0.5655600000000001 0.15563607085346212 0.17719999999999997
7 0.5596135265700483 0.52508 0.09568438003220614 0.13149333333333335
6 0.4413727858293075 0.5107066666666666 0.03942834138486306 0.11757333333333335
2 0.962391304347826 0.76888 0.07360708534621584 0.4569066666666667
2 0.882745571658615 0.7031066666666668 0.16048309178743955 0.3693600000000001
2 0.8286151368760063 0.6612266666666667 0.1576650563607085 0.3444266666666667
7 0.5161916264090177 0.51464 0.024895330112721475 0.07290666666666668
1 0.5021296296296296 0.49317333333333335 0.015966183574879167 0.09178666666666671