7 0.47354955680902494 0.5168351063829787 0.027228041901692247 0.08191489361702123
7 0.061518936341659954 0.7088031914893617 0.12303787268331991 0.3536702127659574
7 0.15668815471394038 0.7708111702127659 0.31337630942788075 0.4530585106382979
7 0.217232070910556 0.5935505319148936 0.1169460112812248 0.18896276595744677
7 0.27894037066881544 0.5581914893617022 0.0651007252215955 0.11840425531914889
7 0.35325141015310235 0.5694414893617021 0.07204673650282029 0.1402127659574468
6 0.40775584206285254 0.49192819148936173 0.04474617244157935 0.15992021276595744
7 0.42651490733279607 0.517938829787234 0.023376309427880736 0.06156914893617023
7 0.04064464141821112 0.6172207446808511 0.08128928283642224 0.1934840425531915
7 0.13843271555197423 0.5633643617021277 0.1132232070910556 0.16215425531914893
7 0.2717365028203062 0.5352526595744681 0.058251410153102354 0.10518617021276598