7 0.6046736502820306 0.5885372340425532 0.08646253021756645 0.19484042553191494
7 0.2829331184528606 0.6462101063829788 0.15911361804995974 0.34077127659574474
7 0.5318049959709912 0.5079654255319149 0.031555197421434304 0.07837765957446809
7 0.08928686543110395 0.6402526595744681 0.1785737308622079 0.2983776595744681
7 0.3664746172441579 0.5679521276595745 0.08010475423045933 0.17473404255319153
7 0.2664302981466559 0.5606781914893617 0.08122481869460113 0.14061170212765958
7 0.32655922643029817 0.5371941489361702 0.04942788074133766 0.09710106382978728
6 0.3588879935535858 0.5045212765957446 0.033634165995165194 0.09265957446808512
7 0.42696212731668004 0.5121808510638297 0.027510072522159538 0.06521276595744684
6 0.38577759871071715 0.49549202127659575 0.032135374697824334 0.07640957446808508
7 0.4372723609991942 0.5006117021276596 0.020894439967767887 0.053085106382978746
7 0.4842828364222401 0.5030186170212766 0.021539081385979063 0.06672872340425533
7 0.5048751007252216 0.4902393617021276 0.011426269137792064 0.038244680851063896
1 0.4747139403706687 0.4767154255319149 0.02367445608380338 0.09704787234042556