0 0.8296940418679549 0.6456933333333333 0.08529790660225448 0.5239733333333334
8 0.643768115942029 0.56164 0.028647342995169117 0.3085600000000001
8 0.8684420289855073 0.6026 0.039621578099838996 0.35757333333333324
8 0.838707729468599 0.5876266666666666 0.03050724637681149 0.3098666666666666
8 0.1855716586151369 0.5705466666666666 0.026763285024154575 0.23794666666666664
8 0.24769323671497584 0.56564 0.026111111111111116 0.24706666666666668
0 0.3981803542673108 0.5144933333333334 0.028067632850241556 0.14455999999999994
6 0.4567914653784219 0.47607999999999995 0.05240740740740743 0.13658666666666666
1 0.7033655394524959 0.54648 0.07471819645732694 0.244
1 0.15049919484702096 0.5740933333333333 0.03982286634460548 0.15432
1 0.32237520128824476 0.49734666666666666 0.035652173913043456 0.15949333333333335
1 0.04580917874396136 0.6094666666666667 0.038784219001610304 0.2181333333333333