7 0.42356164383561645 0.5069148936170212 0.016277195809830818 0.04654255319148936
7 0.44651490733279614 0.541183510638298 0.047147461724415786 0.14199468085106387
7 0.3527639000805802 0.568191489361702 0.06939564867042704 0.18489361702127663
7 0.09426672038678485 0.6461968085106383 0.1885334407735697 0.2820744680851064
7 0.05265108783239324 0.6101063829787234 0.10530217566478647 0.21718085106382987
7 0.2543956486704271 0.5555851063829788 0.06980660757453666 0.12999999999999998
6 0.14602336825141016 0.5315425531914894 0.10123287671232876 0.17654255319148943
7 0.2995286059629331 0.5349867021276595 0.04434327155519745 0.09125000000000001
7 0.23092667203867848 0.5346808510638298 0.04704270749395648 0.08207446808510635
6 0.340781627719581 0.492938829787234 0.03147461724415794 0.10906914893617019
2 0.38155116841257053 0.4845877659574468 0.03488315874294921 0.12619680851063833
5 0.39116438356164385 0.4662101063829788 0.020056406124093464 0.10465425531914892