8 0.6163489499192245 0.6597192513368985 0.050080775444264945 0.45756684491978616
8 0.6884208400646203 0.6459625668449198 0.05223747980613899 0.4606417112299466
8 0.2530815831987076 0.5962967914438503 0.040654281098546075 0.30655080213903735
8 0.522269789983845 0.5448262032085561 0.023424878836833602 0.2036096256684492
8 0.6805048465266559 0.5663368983957219 0.04469305331179325 0.30502673796791446
8 0.8966397415185783 0.6036229946524064 0.061922455573505536 0.45280748663101605
8 0.8615670436187398 0.570307486631016 0.04038772213247173 0.35500000000000004
8 0.33553311793214863 0.5722058823529411 0.026381260096930554 0.23371657754010686
2 0.32096526655896607 0.6323262032085561 0.03897415185783522 0.15609625668449198
8 0.31105815831987077 0.5661363636363637 0.021534733441033946 0.23863636363636365
8 0.9245759289176091 0.5662032085561497 0.058424878836833546 0.3895187165775402
7 0.4369789983844911 0.48512032085561496 0.029418416801292466 0.09820855614973267
7 0.3565347334410339 0.5093582887700535 0.07059773828756057 0.19331550802139041
6 0.3835258481421648 0.5014304812834225 0.04493537964458804 0.14665775401069517
1 0.5653392568659128 0.5464438502673797 0.044507269789983865 0.16454545454545452