0 0.1607367149758454 0.6331600000000001 0.09920289855072464 0.4211466666666666
0 0.21734299516908212 0.6002133333333333 0.0739291465378422 0.31071999999999994
6 0.4034903381642512 0.49760000000000004 0.08564412238325286 0.20927999999999997
3 0.13822463768115942 0.5941733333333333 0.04535426731078906 0.16882666666666668
0 0.5216505636070853 0.5266266666666667 0.03468599033816419 0.13736000000000007
8 0.7913607085346216 0.5348266666666667 0.0231561996779388 0.18949333333333335
8 0.7348792270531401 0.5276533333333333 0.01993558776167471 0.16981333333333334
3 0.6767512077294686 0.5365733333333333 0.0366908212560386 0.12077333333333339
3 0.66835346215781 0.5378133333333334 0.03741545893719809 0.10709333333333332
7 0.3353019323671498 0.5169733333333334 0.06736714975845408 0.07613333333333329
1 0.9394927536231883 0.6810533333333333 0.11779388083735906 0.45101333333333327
1 0.5601368760064412 0.47061333333333333 0.01117552334943639 0.07151999999999999
1 0.27289049919484704 0.5085599999999999 0.02940418679549113 0.15775999999999998