7 0.9469566993464053 0.5682297297297297 0.10445261437908489 0.1387297297297297
7 0.8944035947712419 0.5628243243243244 0.10210784313725492 0.13181081081081075
7 0.8257638888888889 0.5623783783783783 0.09471405228758176 0.142
7 0.5062091503267974 0.5072702702702703 0.02789215686274509 0.08194594594594592
8 0.991642156862745 0.7075675675675676 0.01508169934640526 0.5794594594594594
8 0.16288398692810457 0.4739594594594595 0.013888888888888888 0.1271621621621621
8 0.25459150326797386 0.49663513513513513 0.014705882352941176 0.139
0 0.4305841503267975 0.49872972972972973 0.020531045751633982 0.13162162162162158
8 0.21995098039215688 0.47444594594594597 0.01442810457516342 0.1162972972972973
8 0.28744281045751635 0.5497297297297297 0.03022875816993464 0.24583783783783786
8 0.31308823529411767 0.5442567567567568 0.046045751633986894 0.23570270270270266
8 0.34363970588235293 0.5541621621621622 0.03948529411764705 0.25464864864864867
8 0.4455351307189543 0.5889324324324325 0.0397630718954248 0.3358648648648649
8 0.4856781045751634 0.5764594594594594 0.046290849673202586 0.29643243243243245
8 0.32099673202614376 0.5893243243243244 0.032679738562091505 0.31048648648648647
8 0.359358660130719 0.5765 0.03567810457516341 0.2977567567567567
8 0.3895138888888889 0.5721621621621621 0.03948529411764705 0.26275675675675675
8 0.2888970588235294 0.5606216216216217 0.03321895424836603 0.26556756756756755
1 0.1809558823529412 0.4921351351351351 0.016372549019607836 0.08345945945945944