7 0.45045930701047543 0.5106515957446809 0.017437550362610788 0.0482712765957447
7 0.038924254633360196 0.7576462765957447 0.07784850926672039 0.47938829787234044
7 0.5347622884770347 0.5913164893617021 0.08799355358581792 0.21896276595744685
7 0.19922240128928284 0.6496675531914894 0.15090249798549557 0.26672872340425535
6 0.11895245769540694 0.5674202127659576 0.15452054794520548 0.2440425531914894
7 0.28817888799355357 0.5851994680851064 0.08064464141821115 0.16412234042553187
7 0.425334407735697 0.5414760638297872 0.038404512489927455 0.11896276595744686
7 0.3201289282836422 0.5470744680851064 0.05410153102336829 0.11313829787234041
7 0.24567284448025786 0.5486436170212766 0.06568896051571312 0.11308510638297875
7 0.35373086220789685 0.5266356382978723 0.03160354552780014 0.07539893617021275
6 0.27765108783239323 0.5143484042553191 0.04929089443996774 0.11178191489361702
7 0.3643714746172441 0.5170478723404255 0.024730056406124093 0.061170212765957445
6 0.3797945205479452 0.4933244680851064 0.019943593875906527 0.08164893617021281
2 0.41545930701047545 0.4866622340425532 0.025987107171635822 0.10119680851063825
1 0.033452860596293314 0.7226063829787234 0.06690572119258663 0.5441489361702128