0 0.6714991830065359 0.5548378378378379 0.04108660130718951 0.30783783783783786
8 0.5247794117647059 0.5652027027027027 0.029411764705882353 0.23635135135135132
2 0.3986968954248366 0.5309054054054054 0.03012254901960785 0.19045945945945947
0 0.39229575163398694 0.508891891891892 0.027156862745098046 0.14551351351351352
8 0.6674959150326797 0.5007702702702702 0.02151143790849667 0.1831081081081081
8 0.5500040849673203 0.4780135135135135 0.012459150326797386 0.10889189189189187
8 0.5286928104575164 0.4876081081081082 0.011977124183006603 0.10597297297297299
8 0.5422998366013073 0.4820540540540541 0.008717320261437875 0.10621621621621617
8 0.5797834967320261 0.46779729729729724 0.008717320261437875 0.10716216216216218
8 0.5928022875816994 0.46662162162162163 0.010620915032679739 0.11556756756756754
1 0.4533496732026144 0.4559459459459459 0.037205882352941144 0.06621621621621622