7 0.40642914653784223 0.55552 0.08400161030595817 0.13029333333333337
7 0.5430032206119163 0.5108266666666667 0.045636070853462114 0.08634666666666665
6 0.01924718196457327 0.59304 0.03849436392914654 0.25333333333333335
6 0.32732689210950083 0.5770666666666666 0.227938808373591 0.42293333333333333
7 0.3262238325281803 0.5449466666666667 0.06378421900161028 0.11250666666666666
6 0.4454106280193237 0.49476 0.027181964573268914 0.07832000000000001
7 0.5403260869565217 0.5050533333333334 0.032536231884057944 0.06733333333333333
7 0.5684380032206119 0.48824 0.015346215780998346 0.046346666666666654
1 0.0160024154589372 0.5973999999999999 0.0320048309178744 0.28024
1 0.49450483091787434 0.47405333333333327 0.045547504025764934 0.07840000000000001
1 0.7882568438003221 0.4550666666666666 0.418462157809984 0.07840000000000001