7 0.8738566827697262 0.7446400000000001 0.2506763285024155 0.5053866666666667
6 0.6859178743961354 0.48357333333333336 0.24201288244766508 0.7114133333333335
7 0.5866626409017713 0.5482400000000001 0.07414653784218996 0.21552
7 0.5635346215780999 0.5414933333333334 0.05481481481481485 0.13792
7 0.5283816425120773 0.5253599999999999 0.03677938808373596 0.09210666666666664
2 0.24684380032206119 0.5721466666666667 0.020418679549114343 0.10274666666666667
7 0.3919404186795491 0.538 0.03185185185185185 0.0809066666666666
7 0.5034178743961353 0.5132666666666666 0.037624798711755246 0.08797333333333336
7 0.4745571658615137 0.51248 0.026988727858293062 0.058666666666666666
1 0.43617552334943643 0.5102800000000001 0.05492753623188408 0.08530666666666661
1 0.37028985507246376 0.50508 0.011690821256038679 0.06114666666666668