7 0.05673510466988728 0.7921733333333333 0.11347020933977456 0.41032
7 0.9640619967793881 0.5585333333333333 0.07026570048309178 0.3378666666666667
7 0.9100483091787439 0.5442666666666667 0.15181964573268916 0.25903999999999994
7 0.8399235104669887 0.5244 0.1377375201288245 0.2189866666666667
7 0.7889855072463768 0.5270533333333334 0.12764895330112727 0.16749333333333333
7 0.7501489533011272 0.5065999999999999 0.0989613526570048 0.14119999999999996
7 0.7362882447665057 0.69384 0.2193075684380033 0.47978666666666664
7 0.6361876006441224 0.6065466666666667 0.09553140096618355 0.21858666666666665
7 0.3387962962962963 0.6215466666666666 0.13023349436392914 0.2763733333333333
6 0.3919645732689211 0.5537066666666667 0.09051529790660222 0.23359999999999997
7 0.6696819645732689 0.4984266666666667 0.08900966183574875 0.12565333333333334
7 0.42508051529790664 0.5584133333333333 0.05314009661835754 0.1454666666666667
7 0.43927938808373596 0.53976 0.04652979066022541 0.11333333333333333
7 0.5655756843800321 0.49266666666666664 0.05673913043478254 0.06629333333333337
5 0.5304871175523349 0.4550133333333333 0.05380837359098223 0.18880000000000002
1 0.10454508856682769 0.5879066666666667 0.20909017713365538 0.09565333333333334
1 0.04933574879227053 0.8881199999999999 0.09867149758454107 0.2130933333333334