7 0.07730676328502416 0.7419733333333334 0.15461352657004832 0.5107200000000001
7 0.08683574879227053 0.6741466666666667 0.17367149758454106 0.38322666666666677
7 0.15117149758454107 0.6579866666666667 0.24789855072463768 0.2986933333333333
7 0.19503623188405797 0.6007733333333333 0.21994363929146535 0.24026666666666657
7 0.2701610305958132 0.5823466666666667 0.14407407407407408 0.19008
7 0.29495571658615133 0.5624933333333333 0.13970209339774556 0.20712000000000005
0 0.4355273752012882 0.5510533333333333 0.012536231884058011 0.09863999999999995
7 0.8531803542673109 0.7873733333333333 0.29202898550724643 0.41992
7 0.8744685990338164 0.6731333333333334 0.24945249597423513 0.4008266666666666
7 0.8122785829307568 0.64148 0.22243156199677938 0.28941333333333336
7 0.7387157809983897 0.6266666666666667 0.1633735909822867 0.22
7 0.7046900161030595 0.5931866666666666 0.11905797101449275 0.1870133333333333
7 0.6731682769726248 0.5946933333333333 0.13665861513687602 0.17215999999999992
7 0.6447101449275362 0.58204 0.12376811594202901 0.13688000000000003
7 0.6333172302737521 0.5600533333333333 0.10123993558776168 0.14746666666666663
7 0.36513687600644124 0.5527066666666667 0.08708534621578097 0.0966133333333333
7 0.38150161030595814 0.5537733333333333 0.0743558776167472 0.08824000000000001
7 0.5263848631239936 0.54592 0.03133655394524966 0.08005333333333328
7 0.5122262479871175 0.5275733333333332 0.01929951690821249 0.05573333333333335
6 0.49780595813204515 0.4991333333333334 0.012214170692431529 0.04733333333333333
1 0.4666425120772946 0.5007733333333333 0.04190016103059588 0.0525333333333333