7 0.6294041867954911 0.6010933333333334 0.11631239935587764 0.2645866666666666
7 0.9926167471819645 0.6098933333333333 0.013156199677938742 0.41557333333333335
7 0.9215539452495976 0.5115466666666666 0.155281803542673 0.43968
2 0.2339210950080515 0.6747733333333333 0.10091787439613524 0.16240000000000002
7 0.29333735909822867 0.5901866666666666 0.09693236714975845 0.20058666666666666
7 0.07018518518518518 0.7792933333333334 0.14037037037037037 0.43608
7 0.8140096618357487 0.49728000000000006 0.198647342995169 0.22069333333333338
7 0.37390901771336554 0.5389733333333333 0.04915458937198069 0.10984
7 0.7932004830917874 0.4443733333333333 0.07511272141706922 0.06794666666666664
1 0.4261030595813205 0.5148933333333333 0.07338164251207728 0.10557333333333334
1 0.6202858293075684 0.4516266666666667 0.05440418679549109 0.06805333333333335
1 0.4980555555555556 0.4702266666666666 0.017979066022544316 0.0564533333333333
1 0.5285466988727858 0.4862133333333333 0.03525764895330119 0.06677333333333331