7 0.7327415458937199 0.67584 0.19538647342995175 0.36938666666666664
7 0.45530998389694044 0.5059066666666667 0.06575684380032212 0.07970666666666663
8 0.3796698872785829 0.5213466666666666 0.011272141706924315 0.13426666666666665
0 0.7375644122383254 0.53632 0.06651368760064413 0.16725333333333334
7 0.6288687600644122 0.48249333333333333 0.06179549114331723 0.07565333333333335
7 0.7822423510466989 0.4735333333333333 0.07704508856682765 0.07165333333333335
6 0.9665378421900161 0.46128 0.06531400966183566 0.0946133333333333
7 0.36442834138486313 0.5113066666666667 0.05235104669887277 0.07493333333333332
7 0.2126449275362319 0.52256 0.052761674718196455 0.07333333333333333
7 0.477890499194847 0.4844666666666667 0.01858293075684383 0.04194666666666664
7 0.4484782608695652 0.48984 0.021803542673107832 0.043093333333333324
1 0.5460668276972626 0.4757733333333334 0.08617552334943637 0.043919999999999994
1 0.07210950080515298 0.51976 0.061175523349436406 0.08703999999999996