8 0.06518921095008051 0.65976 0.042214170692431566 0.3517866666666667
8 0.3173913043478261 0.536 0.018196457326892127 0.18880000000000002
3 0.9527133655394525 0.667 0.06702093397745572 0.3175200000000001
1 0.21898550724637683 0.5465066666666667 0.15492753623188404 0.14741333333333334
1 0.11064814814814813 0.5240533333333333 0.018462157809983892 0.14394666666666664
1 0.38174718196457325 0.5016533333333334 0.08982286634460543 0.11290666666666667
1 0.5981521739130434 0.5102666666666668 0.045547504025764934 0.16810666666666665
1 0.7616988727858293 0.6267199999999999 0.030966183574879257 0.25264
1 0.5036231884057971 0.47489333333333333 0.035652173913043456 0.10082666666666668
1 0.6346135265700483 0.5042399999999999 0.021594202898550765 0.08357333333333335
1 0.47367552334943647 0.4852666666666666 0.019508856682769648 0.08013333333333336