7 0.8782393790849674 0.45313513513513515 0.1458251633986928 0.15135135135135136
7 0.4313888888888889 0.5132432432432432 0.03580065359477119 0.0885945945945946
0 0.5622753267973857 0.4852027027027027 0.02739379084967318 0.08597297297297297
0 0.5130187908496732 0.4915405405405405 0.025743464052287668 0.08508108108108113
0 0.3088970588235294 0.530918918918919 0.024558823529411765 0.10308108108108105
8 0.36972630718954247 0.5169864864864865 0.013341503267973844 0.0951081081081081
1 0.40308823529411764 0.5076486486486486 0.01689542483660131 0.11102702702702706
1 0.28668709150326793 0.5317567567567567 0.010122549019607878 0.09032432432432437
1 0.45933823529411766 0.48781081081081085 0.011683006535947676 0.0782702702702703
1 0.7374632352941176 0.4499054054054054 0.11376633986928104 0.07483783783783783
1 0.9769485294117646 0.43440540540540545 0.0427859477124184 0.11962162162162167
1 0.6088194444444445 0.4688513513513514 0.00959967320261438 0.07137837837837836