8 0.9101511437908497 0.6681081081081081 0.17170751633986917 0.6583783783783783
8 0.8767075163398692 0.6928783783783784 0.16374183006535944 0.6088378378378378
8 0.5186356209150327 0.6800540540540541 0.07709150326797387 0.6124864864864865
8 0.4346527777777778 0.6674324324324324 0.09046568627450982 0.6597297297297298
8 0.5646119281045752 0.6761081081081081 0.07915849673202613 0.5236216216216216
8 0.4574632352941176 0.4941216216216216 0.022017973856209093 0.20354054054054055
8 0.43854166666666666 0.5062432432432432 0.015678104575163443 0.1901621621621622
8 0.4574142156862745 0.46925675675675677 0.019191176470588243 0.16575675675675672
8 0.49359477124183004 0.47197297297297297 0.016977124183006512 0.15529729729729733
0 0.2795996732026144 0.4606216216216216 0.045718954248365994 0.15783783783783786
0 0.4329207516339869 0.44370270270270273 0.026037581699346408 0.1113513513513514
1 0.10584150326797387 0.6225675675675676 0.21168300653594774 0.7440540540540541
1 0.22340686274509808 0.47144594594594597 0.05856209150326798 0.15235135135135136
1 0.37600081699346405 0.4490405405405405 0.02105392156862748 0.1385675675675676
1 0.7734027777777778 0.35082432432432437 0.05022058823529414 0.0420810810810811
1 0.6866789215686274 0.3499864864864865 0.009076797385620833 0.047270270270270295