7 0.04318035426731079 0.7010666666666666 0.08636070853462158 0.23951999999999998
7 0.3928260869565217 0.5502933333333334 0.033703703703703715 0.09920000000000005
6 0.34219404186795493 0.5340133333333333 0.0425040257648953 0.10642666666666666
7 0.26538244766505636 0.6226933333333333 0.07459742351046701 0.15567999999999999
7 0.1977979066022544 0.6317066666666666 0.08198872785829306 0.14367999999999997
0 0.07097826086956521 0.6926666666666667 0.08376006441223831 0.3085333333333334
8 0.364561191626409 0.5532533333333334 0.007512077294685978 0.06586666666666664
7 0.9782729468599033 0.5604 0.04184380032206121 0.34352
7 0.21735909822866348 0.5746266666666667 0.05731078904991949 0.06002666666666672
7 0.7603542673107889 0.48616 0.03249597423510468 0.056480000000000016
1 0.43278985507246376 0.537 0.040861513687600645 0.08013333333333336
1 0.7973711755233495 0.46370666666666666 0.028365539452495987 0.06805333333333335
1 0.8442190016103059 0.45765333333333336 0.04190016103059578 0.07322666666666669
1 0.9408977455716585 0.4404133333333333 0.025756843800322067 0.059440000000000055