7 0.08162640901771336 0.70456 0.1632528180354267 0.5855466666666667
7 0.15730273752012883 0.6192533333333334 0.2564251207729469 0.3127466666666667
7 0.7531239935587761 0.4926 0.09336553945249601 0.17464000000000002
7 0.8070410628019324 0.5053733333333333 0.08187600644122388 0.12162666666666663
7 0.25890901771336555 0.5765866666666667 0.1683977455716586 0.18773333333333328
7 0.28686795491143313 0.5568799999999999 0.12241545893719809 0.1613866666666667
7 0.3118156199677939 0.53272 0.1386876006441224 0.16741333333333333
7 0.3630756843800322 0.5112666666666666 0.09326892109500808 0.12535999999999997
7 0.5559500805152979 0.48108 0.060338164251207776 0.07202666666666664
1 0.43695652173913047 0.4766266666666667 0.042946859903381665 0.08013333333333329
1 0.6637761674718197 0.45505333333333337 0.023671497584541044 0.06114666666666668
1 0.8679307568438004 0.46628000000000003 0.03409017713365551 0.06978666666666664
1 0.5004508856682769 0.4653866666666666 0.01093397745571662 0.0584533333333333