7 0.8916626409017713 0.7601866666666667 0.2150644122383253 0.47429333333333334
7 0.18545893719806764 0.7789733333333334 0.23856682769726248 0.43672000000000005
7 0.624537037037037 0.62316 0.11247181964573263 0.27
7 0.3392673107890499 0.6056933333333333 0.09497584541062805 0.21752000000000005
7 0.4015056360708535 0.5492800000000001 0.040756843800322066 0.10789333333333335
0 0.46009661835748794 0.5095733333333333 0.008164251207729458 0.06565333333333334
0 0.46949275362318843 0.5085733333333333 0.007681159420289825 0.06183999999999999
7 0.42612721417069244 0.5292133333333333 0.02706924315619959 0.06472000000000003
7 0.5194967793880837 0.5041733333333334 0.016256038647342947 0.04439999999999994
7 0.549500805152979 0.5326533333333333 0.04392914653784215 0.11880000000000003
1 0.5017995169082125 0.49217333333333335 0.01638486312399358 0.059440000000000055