7 0.9438486312399356 0.7648666666666666 0.11069243156199679 0.4649333333333333
7 0.17264895330112723 0.69784 0.2727697262479871 0.5554133333333333
7 0.37862721417069245 0.5682266666666667 0.10741545893719809 0.23901333333333324
7 0.7435265700483092 0.6730266666666667 0.2029790660225443 0.43464
7 0.6581481481481483 0.5923466666666667 0.08605475040257649 0.23765333333333336
7 0.5314009661835749 0.5239866666666667 0.0662157809983897 0.1259466666666667
6 0.8369404186795492 0.46476 0.07648953301127215 0.1432266666666666
6 0.7757286634460547 0.4634933333333333 0.06609500805152982 0.12613333333333338
5 0.6663083735909824 0.42738666666666664 0.035724637681159424 0.10789333333333335
1 0.014182769726247987 0.52148 0.028365539452495973 0.024933333333333318
1 0.44737520128824476 0.47576 0.015861513687600682 0.03354666666666663
1 0.5973711755233494 0.4714533333333334 0.06377616747181958 0.1042933333333333
1 0.7247141706924316 0.4309200000000001 0.028880837359098233 0.043919999999999994