7 0.494500805152979 0.54032 0.045491143317230275 0.12159999999999999
7 0.05305958132045089 0.66016 0.10611916264090178 0.6743466666666666
7 0.2602133655394525 0.6214533333333334 0.15875201288244767 0.2682933333333334
7 0.32192834138486315 0.5653866666666667 0.13411433172302736 0.25274666666666673
7 0.3711070853462158 0.55052 0.10031400966183578 0.13373333333333334
7 0.3798913043478261 0.5348533333333333 0.08868760064412237 0.12
7 0.4021537842190016 0.51952 0.06266505636070852 0.08485333333333331
7 0.4182004830917874 0.5054933333333334 0.054710144927536224 0.07605333333333328
6 0.6089573268921096 0.5228933333333333 0.10516103059581322 0.28957333333333335
7 0.5409541062801932 0.508 0.02559581320450883 0.06666666666666667
7 0.48824074074074075 0.5089866666666667 0.028945249597423547 0.08485333333333331
7 0.08100644122383253 0.63292 0.16201288244766507 0.26983999999999997
7 0.10768921095008052 0.5501866666666666 0.12616747181964572 0.14426666666666665
6 0.2612278582930757 0.50732 0.08649758454106281 0.19933333333333333
7 0.193780193236715 0.5207600000000001 0.07197262479871176 0.12008
1 0.04464975845410628 0.6802533333333334 0.08929951690821256 0.6288266666666666
1 0.4603904991948471 0.4947600000000001 0.013776167471819657 0.05426666666666665