7 0.5014251207729469 0.5327200000000001 0.04827697262479874 0.15114666666666668
7 0.8567834138486312 0.7292 0.26393719806763283 0.5362666666666667
7 0.7388727858293076 0.6216533333333334 0.17914653784219012 0.3322666666666667
7 0.6894887278582931 0.5534666666666667 0.136207729468599 0.24970666666666672
6 0.6127657004830919 0.50624 0.11223027375201287 0.19189333333333328
7 0.5808695652173913 0.5067200000000001 0.0784702093397745 0.10901333333333332
7 0.5505273752012882 0.4850666666666667 0.049299516908212576 0.06719999999999997
7 0.25663446054750405 0.52716 0.07602254428341386 0.1299466666666667
6 0.3985024154589372 0.4713333333333333 0.0459581320450886 0.13706666666666661
7 0.3027858293075684 0.5204133333333333 0.05291465378421902 0.10066666666666667
7 0.33879227053140093 0.5131066666666666 0.039452495974235106 0.06813333333333337
7 0.38786634460547503 0.49135999999999996 0.029098228663446045 0.05194666666666664
7 0.2446135265700483 0.5164133333333334 0.043768115942029 0.08477333333333338
1 0.44216586151368764 0.47058666666666665 0.022109500805152917 0.03354666666666663