7 0.45390813859790485 0.5337367021276596 0.04286865431103943 0.12896276595744682
7 0.3386704270749396 0.595186170212766 0.09508460918614021 0.2345212765957447
7 0.03298549556809025 0.6851595744680851 0.0659709911361805 0.33276595744680854
7 0.21445608380338435 0.5799202127659575 0.10349717969379535 0.17196808510638298
6 0.09444802578565673 0.5456382978723404 0.13974214343271554 0.21936170212765962
7 0.3624899274778405 0.5532313829787233 0.0497502014504432 0.12449468085106376
7 0.28996373892022564 0.5450132978723404 0.056784850926672015 0.10922872340425538
7 0.21597904915390811 0.5378457446808511 0.058243352135374724 0.09414893617021278
6 0.3433440773569702 0.49414893617021277 0.037228041901692176 0.12281914893617016
2 0.3921555197421434 0.48304521276595747 0.03833199033037872 0.13811170212765958
5 0.4076833199033038 0.4645744680851064 0.020829975825946836 0.10920212765957447
1 0.027461724415793712 0.7216755319148936 0.054923448831587424 0.20877659574468094