7 0.5062479871175524 0.71368 0.17842190016103052 0.5601600000000001
7 0.3201046698872786 0.5201066666666667 0.032286634460547525 0.05338666666666669
7 0.2851046698872786 0.5282666666666667 0.03194847020933978 0.054346666666666654
7 0.35738727858293073 0.5106 0.031167471819645763 0.05357333333333334
7 0.8185668276972625 0.5241333333333333 0.11107890499194858 0.1175466666666667
7 0.7186070853462158 0.5368133333333334 0.14740740740740735 0.1663733333333333
7 0.6797302737520128 0.5149600000000001 0.08884863123993561 0.09178666666666663
7 0.9647342995169083 0.49545333333333336 0.06892109500805145 0.10786666666666671
6 0.0526731078904992 0.5754933333333333 0.1053462157809984 0.14682666666666666
1 0.15309983896940418 0.5283866666666667 0.026280193236714964 0.03874666666666667
1 0.3817512077294686 0.47405333333333327 0.014822866344605449 0.047360000000000055