7 0.9498752012882447 0.7594266666666666 0.09863929146537842 0.47581333333333337
6 0.745132850241546 0.48397333333333337 0.3348711755233495 0.9459200000000001
7 0.5957769726247988 0.5513466666666667 0.08475845410628018 0.24296000000000004
7 0.5702818035426731 0.5332933333333334 0.06067632850241547 0.15079999999999996
7 0.5308454106280193 0.5190666666666666 0.03998389694041865 0.09808
2 0.22873590982286632 0.5736666666666667 0.022238325281803546 0.11042666666666673
7 0.38633655394524963 0.5337733333333334 0.033156199677938814 0.08509333333333333
7 0.504524959742351 0.5091333333333333 0.03937198067632858 0.09256000000000002
7 0.47433574879227053 0.5092266666666666 0.027946859903381673 0.06090666666666668
0 0.4222826086956521 0.5079066666666667 0.010346215780998407 0.08061333333333338
1 0.3809661835748792 0.47664 0.02159420289855072 0.018026666666666642
1 0.15622383252818037 0.56548 0.01273752012882447 0.1094666666666667
1 0.44803542673107893 0.49317333333333335 0.031900161030595814 0.06954666666666662