7 0.5059339774557166 0.55352 0.05083735909822874 0.13738666666666668
7 0.12419082125603866 0.7508666666666667 0.2483816425120773 0.49293333333333333
7 0.322427536231884 0.5996133333333333 0.1365619967793881 0.24722666666666662
7 0.34200483091787437 0.5648000000000001 0.11193236714975843 0.18453333333333338
7 0.4080958132045089 0.5189733333333334 0.08132850241545893 0.10706666666666668
6 0.4610144927536231 0.46319999999999995 0.045442834138486266 0.07541333333333333
7 0.7997383252818036 0.7407199999999999 0.2581239935587761 0.4381333333333334
7 0.6536916264090177 0.572 0.10928341384863126 0.2372266666666667
8 0.5914613526570048 0.5598000000000001 0.026030595813204542 0.18141333333333334
7 0.6057165861513687 0.5452266666666666 0.060563607085346145 0.13221333333333338
7 0.583377616747182 0.5290533333333333 0.045515297906602324 0.10226666666666664
7 0.5732648953301127 0.5140399999999999 0.04168276972624797 0.1071733333333334
7 0.17718196457326893 0.57452 0.1494202898550725 0.18717333333333333
7 0.5031280193236715 0.50452 0.029943639291465422 0.09042666666666666
7 0.060273752012882445 0.53364 0.12054750402576489 0.1708533333333333
7 0.25954508856682773 0.5394933333333334 0.0909742351046699 0.14309333333333332
6 0.7000523349436393 0.48149333333333333 0.08791465378421895 0.11349333333333333
1 0.5299235104669887 0.45678666666666673 0.01638486312399358 0.061146666666666606
1 0.7760185185185186 0.48613333333333336 0.03773752012882448 0.047360000000000055