7 0.4581763285024155 0.5408000000000001 0.037512077294686016 0.10208
7 0.19799919484702092 0.7674666666666667 0.3513123993558776 0.4597333333333333
7 0.16987117552334943 0.6447333333333334 0.18687600644122382 0.31053333333333333
2 0.3575764895330113 0.61188 0.05555555555555555 0.14994666666666664
2 0.4051610305958132 0.5561733333333333 0.023574879227053164 0.09485333333333332
7 0.3070209339774557 0.5661733333333333 0.10771336553945247 0.13229333333333337
7 0.33899355877616744 0.54808 0.08028985507246375 0.12538666666666662
7 0.3726328502415459 0.5366266666666667 0.07025764895330112 0.08946666666666662
7 0.3903260869565217 0.5313066666666667 0.0524557165861514 0.07866666666666666
6 0.4003220611916264 0.5068266666666666 0.05508856682769723 0.08805333333333329
5 0.8038526570048309 0.49866666666666665 0.2578341384863124 0.9973333333333333
7 0.5783494363929146 0.59924 0.08198067632850245 0.20712000000000005
7 0.5569484702093398 0.5714533333333334 0.05152979066022544 0.14279999999999995
7 0.5370209339774558 0.5524533333333334 0.04718196457326894 0.11978666666666664
5 0.5200644122383253 0.46928000000000003 0.05156199677938814 0.21658666666666668
7 0.06540660225442835 0.5775333333333333 0.1287037037037037 0.14904000000000003
7 0.4647745571658615 0.5259333333333334 0.027745571658615166 0.08194666666666664