7 0.08826086956521739 0.6735466666666666 0.17652173913043478 0.4250133333333333
7 0.09912640901771337 0.6039466666666667 0.1902657004830918 0.33573333333333333
7 0.21415056360708537 0.59304 0.2412962962962963 0.25626666666666664
6 0.23867149758454106 0.4848266666666667 0.2549275362318841 0.39658666666666675
7 0.6458333333333334 0.6506533333333333 0.14338969404186788 0.3085066666666666
7 0.7262520128824477 0.5708933333333334 0.13892914653784216 0.18184
7 0.324573268921095 0.5335333333333333 0.11853462157809987 0.13992
7 0.5188607085346215 0.49666666666666665 0.019927536231884056 0.04901333333333332
7 0.4175322061191627 0.49066666666666664 0.053937198067632905 0.06592000000000008
7 0.577632850241546 0.5055866666666666 0.060483091787439616 0.07576000000000006
7 0.6164251207729469 0.5160533333333334 0.0748631239935588 0.10351999999999999
2 0.9431481481481481 0.7723866666666667 0.11209339774557169 0.44989333333333337
1 0.47810386473429956 0.46886666666666665 0.06065217391304351 0.0646133333333333
1 0.808828502415459 0.4507466666666666 0.09398550724637683 0.11808