7 0.5969283413848632 0.47733333333333333 0.013856682769726278 0.0409066666666666
7 0.5643276972624799 0.4809333333333333 0.015901771336553946 0.047839999999999994
7 0.017745571658615136 0.6302266666666666 0.03549114331723027 0.20631999999999995
7 0.5060024154589371 0.54124 0.08728663446054748 0.20168
7 0.31931964573268923 0.5388666666666666 0.05694847020933974 0.10274666666666667
7 0.40958132045088563 0.5148933333333333 0.03592592592592593 0.06413333333333336
4 0.5071658615136877 0.4602133333333333 0.05322061191626411 0.08474666666666666
1 0.016264090177133653 0.6224000000000001 0.03252818035426731 0.18880000000000002
1 0.25987117552334943 0.5119866666666667 0.046070853462157835 0.0853066666666667
1 0.4413848631239936 0.50164 0.024718196457326837 0.06114666666666668
1 0.8166465378421901 0.43264 0.3616988727858294 0.08186666666666671