7 0.9285507246376812 0.5659466666666667 0.14128824476650564 0.2959466666666667
7 0.8464049919484701 0.5359733333333334 0.14588566827697258 0.22565333333333334
7 0.9666988727858292 0.7600933333333333 0.06499194847020937 0.47448
7 0.797355072463768 0.7403466666666667 0.3112479871175523 0.5139733333333334
7 0.14015297906602253 0.7449600000000001 0.28030595813204506 0.5047466666666667
6 0.2821296296296296 0.5990800000000001 0.1874476650563607 0.44402666666666674
7 0.7850966183574879 0.5189866666666667 0.11826086956521739 0.17994666666666673
7 0.7077173913043477 0.4948 0.12508051529790662 0.17327999999999996
6 0.7021779388083736 0.47874666666666665 0.14946054750402576 0.16805333333333328
7 0.36108695652173917 0.5693466666666667 0.09537842190016102 0.23005333333333328
7 0.3950402576489533 0.5409866666666667 0.0636553945249597 0.15818666666666664
5 0.514621578099839 0.4400266666666666 0.07516908212560387 0.22592