8 0.5418668300653595 0.4705675675675676 0.01961601307189542 0.15340540540540545
8 0.22667075163398698 0.5407972972972972 0.03510620915032677 0.32699999999999996
8 0.7538970588235294 0.6828648648648649 0.07246732026143794 0.6288648648648649
8 0.684767156862745 0.6952702702702702 0.07804738562091501 0.6040540540540541
8 0.9285130718954249 0.6884459459459459 0.14133986928104575 0.6177027027027028
8 0.9598161764705883 0.6994189189189188 0.07873366013071886 0.5957567567567568
8 0.6763194444444445 0.5165135135135136 0.029534313725490178 0.20481081081081082
8 0.46341911764705873 0.696445945945946 0.056462418300653607 0.5897027027027026
8 0.4926593137254902 0.662027027027027 0.040906862745097985 0.46216216216216216
8 0.5345261437908496 0.6389729729729731 0.04748366013071896 0.5102702702702703
8 0.5762540849673203 0.6603513513513513 0.04128267973856207 0.4076756756756757
8 0.6070261437908496 0.6145135135135136 0.04955882352941183 0.44637837837837835
8 0.6639787581699347 0.6390675675675676 0.05220588235294116 0.42732432432432427
8 0.44004493464052286 0.5306486486486486 0.029403594771241836 0.2935135135135135
8 0.49621323529411765 0.5352837837837838 0.04191993464052283 0.2738108108108108
8 0.5275816993464052 0.520445945945946 0.0453104575163399 0.2955945945945946
8 0.5767156862745099 0.5225 0.04627450980392156 0.2800810810810811
6 0.10919934640522876 0.49864864864864866 0.2183986928104575 0.9972972972972973
1 0.4077736928104575 0.43181081081081074 0.0168872549019608 0.10756756756756752
1 0.27600490196078437 0.474027027027027 0.05439542483660129 0.19199999999999998
1 0.6473570261437909 0.35859459459459464 0.00959967320261438 0.026594594594594605
1 0.8827736928104574 0.3387972972972973 0.20959967320261433 0.0627837837837838