8 0.8212077294685991 0.5799466666666667 0.05518518518518525 0.40032000000000006
7 0.8682528180354266 0.7507866666666667 0.2618840579710145 0.49309333333333333
7 0.722097423510467 0.65796 0.17042673107890496 0.3257866666666666
7 0.30723832528180356 0.6431333333333333 0.14723027375201284 0.3103733333333334
7 0.37849838969404187 0.5925199999999999 0.07931561996779392 0.19138666666666662
7 0.6320330112721417 0.5803066666666666 0.08772141706924319 0.19282666666666667
7 0.4175805152979066 0.5477733333333333 0.05419484702093393 0.14984
7 0.46550322061191624 0.5302933333333334 0.04760869565217391 0.1068266666666666
7 0.5986755233494364 0.5428133333333334 0.04337359098228664 0.1343733333333333
7 0.5466384863123993 0.5149066666666666 0.04456521739130437 0.07573333333333335
5 0.6550040257648954 0.44148000000000004 0.03865539452495974 0.09906666666666668
1 0.04033816425120773 0.5551066666666666 0.02784219001610306 0.05080000000000003
1 0.13226650563607087 0.5292533333333334 0.03773752012882448 0.03701333333333332
1 0.7155958132045088 0.4550666666666667 0.04190016103059578 0.07151999999999999
1 0.6161231884057972 0.45076000000000005 0.03461352657004832 0.03874666666666667