7 0.1360305958132045 0.8133333333333334 0.272061191626409 0.368
7 0.8214130434782608 0.7502800000000001 0.35556360708534623 0.49410666666666664
7 0.8332045088566828 0.5477333333333333 0.22431561996779398 0.22042666666666666
7 0.3672866344605475 0.5690666666666666 0.0771014492753623 0.17392
7 0.5882890499194847 0.5651466666666667 0.06995974235104668 0.17370666666666662
6 0.39119565217391306 0.5179066666666666 0.061779388083735925 0.1860533333333333
7 0.5638446054750403 0.5413866666666666 0.059235104669887316 0.13621333333333335
6 0.2780233494363929 0.48614666666666667 0.1380112721417069 0.16770666666666664
6 0.4955555555555556 0.4776933333333333 0.020402576489533038 0.07410666666666664
6 0.6384098228663446 0.4502266666666666 0.08641706924315623 0.11074666666666667
1 0.4583091787439614 0.47403999999999996 0.018985507246376845 0.061146666666666606
1 0.532524154589372 0.4473066666666667 0.018462157809983948 0.07669333333333331