7 0.48880032206119167 0.5174933333333334 0.052576489533011236 0.09381333333333335
7 0.5900120772946861 0.48174666666666666 0.02632045088566823 0.06301333333333332
6 0.5448349436392914 0.48444 0.0685587761674718 0.16919999999999996
7 0.06884863123993559 0.7243333333333334 0.13769726247987119 0.3534666666666666
7 0.08754428341384864 0.5981866666666666 0.1636231884057971 0.21610666666666656
6 0.4080716586151369 0.4946933333333333 0.04240740740740737 0.10581333333333336
7 0.35973027375201283 0.5250133333333333 0.04501610305958134 0.08570666666666663
5 0.45062399355877614 0.45877333333333337 0.02946054750402579 0.12042666666666665
7 0.5552334943639291 0.4877866666666667 0.026698872785829282 0.06197333333333328
1 0.26586151368760064 0.5102800000000001 0.04763285024154587 0.08530666666666661
1 0.1950281803542673 0.5456533333333333 0.048671497584541056 0.06634666666666665
1 0.8166425120772947 0.42833333333333334 0.3627375201288245 0.06632000000000002