7 0.018731884057971014 0.6916933333333333 0.03746376811594203 0.39303999999999994
7 0.05601046698872786 0.6575066666666667 0.11202093397745572 0.34418666666666675
7 0.14211755233494364 0.5893866666666666 0.11104669887278584 0.19695999999999997
7 0.20979468599033815 0.5689466666666667 0.13888083735909823 0.1733066666666666
7 0.3370933977455716 0.526 0.04563607085346216 0.10538666666666661
7 0.3534380032206119 0.51592 0.04175523349436389 0.08687999999999996
8 0.2842149758454106 0.56196 0.01636876006441227 0.15922666666666668
8 0.28602657004830917 0.5849333333333334 0.011537842190016136 0.11226666666666665
1 0.39164653784219 0.5016533333333334 0.024194847020933986 0.07840000000000001
1 0.462999194847021 0.48181333333333337 0.021070853462157778 0.038720000000000025
1 0.5385144927536232 0.4809333333333334 0.04398550724637681 0.06805333333333335
1 0.827061191626409 0.42402666666666666 0.3419001610305958 0.12325333333333333
1 0.30283816425120774 0.5085466666666666 0.01638486312399358 0.08530666666666661