7 0.0493719806763285 0.7388266666666666 0.098743961352657 0.5170133333333333
7 0.7388446054750403 0.7525466666666666 0.2632286634460547 0.48957333333333336
7 0.19911030595813203 0.6366533333333333 0.24652979066022543 0.26776
7 0.5943156199677939 0.57176 0.07824476650563612 0.16250666666666666
7 0.23625201288244768 0.5898533333333333 0.17506441223832525 0.22626666666666664
7 0.2698631239935588 0.55184 0.133768115942029 0.21013333333333337
7 0.543683574879227 0.5082933333333334 0.03398550724637684 0.09530666666666661
7 0.38205314009661834 0.5191866666666667 0.07028985507246373 0.09288000000000003
1 0.04074476650563607 0.8027333333333333 0.08148953301127214 0.38386666666666663
1 0.47107487922705316 0.5007866666666666 0.09971819645732691 0.10082666666666668
1 0.4067431561996779 0.4559333333333334 0.03356682769726248 0.014586666666666664