7 0.5322745571658616 0.6707466666666667 0.13416264090177132 0.41936000000000007
7 0.9019967793880838 0.72356 0.19439613526570051 0.5475466666666667
7 0.6190579710144928 0.5190533333333333 0.0943961352657005 0.14125333333333334
7 0.579537037037037 0.5041866666666667 0.05673913043478263 0.09173333333333335
7 0.5620410628019324 0.49556 0.052117552334943563 0.06946666666666669
7 0.019142512077294685 0.63476 0.03828502415458937 0.27213333333333334
7 0.47824074074074074 0.4806666666666667 0.0182850241545894 0.039839999999999993
7 0.1394162640901771 0.60248 0.13495169082125602 0.17786666666666656
7 0.32045088566827695 0.5257066666666667 0.05491143317230277 0.08992
7 0.34804347826086957 0.5067066666666666 0.03871175523349435 0.09256000000000002
7 0.3883011272141707 0.49778666666666666 0.033687600644122365 0.06250666666666665
7 0.4303019323671497 0.4900666666666667 0.03105475040257653 0.04535999999999998
7 0.2306642512077295 0.52052 0.059975845410628024 0.09277333333333332
7 0.22073671497584538 0.5087466666666667 0.06303542673107893 0.06869333333333331
1 0.01678341384863124 0.6387733333333334 0.03356682769726248 0.27333333333333343