7 0.8997463768115943 0.75764 0.19889694041867953 0.4793866666666667
7 0.36997987117552333 0.59212 0.12295491143317229 0.35816
3 0.9216787439613526 0.7629333333333334 0.1550322061191626 0.46880000000000005
7 0.6417632850241546 0.5987066666666667 0.1009339774557166 0.19880000000000003
7 0.7508091787439614 0.6921333333333334 0.19604669887278584 0.37866666666666665
7 0.4606561996779388 0.50812 0.030169082125603888 0.0922933333333333
7 0.41402979066022544 0.5597066666666667 0.068719806763285 0.18474666666666667
7 0.6168800322061191 0.5603333333333333 0.06266505636070857 0.15250666666666665
7 0.5901409017713365 0.5312666666666667 0.04686795491143311 0.11032000000000002
7 0.5732326892109502 0.5190133333333333 0.03867149758454104 0.09376
1 0.5163808373590982 0.48956 0.07263285024154592 0.0853066666666667