7 0.081682769726248 0.6349333333333333 0.163365539452496 0.2690133333333334
7 0.2905475040257649 0.5510933333333333 0.06294685990338164 0.1351466666666667
7 0.3171658615136876 0.5297200000000001 0.05574879227053141 0.10749333333333334
7 0.34623993558776167 0.5251733333333334 0.0399838969404187 0.07941333333333334
7 0.3640136876006441 0.5081066666666666 0.043582930756843795 0.07002666666666664
7 0.5358333333333334 0.49174666666666667 0.02065217391304355 0.053519999999999984
8 0.17128824476650564 0.60856 0.02790660225442834 0.24095999999999995
8 0.16923913043478261 0.6441333333333333 0.027962962962962953 0.16928000000000004
1 0.24632850241545892 0.5395866666666667 0.018985507246376845 0.0853066666666667
1 0.41195652173913044 0.4826666666666667 0.008566827697262514 0.02666666666666667
1 0.44424718196457325 0.49648000000000003 0.02419484702093394 0.05770666666666663
1 0.7919041867954911 0.4300533333333333 0.2497181964573268 0.07669333333333339
1 0.9962520128824477 0.42229333333333335 0.00425925925925923 0.08186666666666671
1 0.5911191626409018 0.4593733333333333 0.009613526570048261 0.024933333333333318
1 0.5551892109500806 0.47232 0.014822866344605449 0.05770666666666663
1 0.5244605475040257 0.46628000000000003 0.0231561996779388 0.08013333333333329