7 0.8394927536231884 0.7442533333333334 0.3194041867954912 0.50616
7 0.015410628019323672 0.59156 0.030821256038647344 0.17357333333333333
7 0.7299516908212561 0.58008 0.12342995169082122 0.36912000000000006
6 0.47720611916264094 0.49692 0.038244766505636074 0.13501333333333332
6 0.749500805152979 0.45232 0.17133655394524955 0.21333333333333335
7 0.34240338164251205 0.5246266666666667 0.051392914653784205 0.10247999999999995
7 0.28146135265700484 0.5069333333333333 0.0624074074074074 0.14053333333333332
7 0.41855072463768117 0.4896266666666667 0.029001610305958162 0.0788266666666666
7 0.5967512077294685 0.496 0.05292270531400968 0.09914666666666669
6 0.5267190016103059 0.44389333333333336 0.026642512077294712 0.09434666666666665
7 0.6357045088566828 0.4959466666666667 0.055257648953301125 0.10543999999999998
6 0.9396135265700483 0.43123999999999996 0.11916264090177134 0.16642666666666667
5 0.49293075684380033 0.42971999999999994 0.026763285024154596 0.1316
2 0.22788647342995166 0.5517466666666667 0.09627214170692432 0.07421333333333328
7 0.1738486312399356 0.5321733333333333 0.07874396135265699 0.10621333333333328
7 0.08660628019323671 0.53864 0.07152173913043477 0.09621333333333337
2 0.12555555555555556 0.5348799999999999 0.05996779388083736 0.09120000000000004
2 0.0924597423510467 0.4968666666666666 0.03863929146537843 0.09757333333333335
1 0.009492753623188405 0.6258533333333333 0.01898550724637681 0.09565333333333334
1 0.8572383252818035 0.4378266666666667 0.03669887278582925 0.05080000000000003