7 0.2527697262479871 0.5869866666666667 0.1299838969404187 0.164
7 0.4197826086956522 0.5312800000000001 0.06745571658615135 0.10986666666666671
7 0.16768115942028985 0.5584533333333334 0.12668276972624798 0.16069333333333338
6 0.3796819645732689 0.5042533333333333 0.05169887278582934 0.09773333333333327
7 0.44536634460547503 0.5019333333333333 0.020780998389693998 0.05874666666666667
7 0.4935386473429951 0.5035866666666666 0.04053945249597425 0.07703999999999997
7 0.5627697262479872 0.4824666666666667 0.0195330112721417 0.04653333333333338
1 0.5356561996779389 0.47061333333333333 0.022632850241545904 0.02666666666666667
1 0.5903381642512078 0.45161333333333337 0.0445088566827698 0.08530666666666661
1 0.8207367149758454 0.42230666666666666 0.3553059581320451 0.07495999999999996
1 0.3222262479871176 0.49454666666666663 0.015128824476650581 0.05010666666666665