7 0.456694847020934 0.5408133333333334 0.03739935587761679 0.10178666666666664
7 0.1730877616747182 0.7759866666666667 0.3461755233494364 0.4426933333333333
7 0.12243156199677939 0.6791999999999999 0.21114331723027377 0.3734933333333334
2 0.3457045088566828 0.6274266666666667 0.06157004830917877 0.16909333333333332
2 0.40235909822866345 0.5582933333333334 0.02558776167471822 0.10111999999999996
7 0.29388888888888887 0.5717066666666666 0.11410628019323674 0.14384000000000008
7 0.3298792270531401 0.55232 0.08478260869565218 0.13424
7 0.3672061191626409 0.5384133333333333 0.07359098228663444 0.09442666666666673
7 0.38595813204508855 0.53212 0.054798711755233494 0.08253333333333338
6 0.3975402576489533 0.5069466666666667 0.057141706924315645 0.09165333333333335
7 0.5907045088566828 0.6154933333333333 0.0949355877616747 0.23493333333333338
7 0.5652455716586152 0.58308 0.05706119162640902 0.1574666666666667
7 0.5414090177133656 0.5569866666666666 0.05177133655394531 0.12885333333333332
5 0.5221537842190016 0.46734666666666663 0.05379227053140092 0.22850666666666666
7 0.19769323671497582 0.5466666666666666 0.06691626409017712 0.09967999999999999
7 0.4656642512077295 0.5226666666666666 0.028091787439613516 0.08186666666666664
1 0.8738647342995168 0.49733333333333335 0.24904991948470212 0.9946666666666667