7 0.10243558776167472 0.7007866666666667 0.20487117552334944 0.41778666666666664
7 0.20175925925925928 0.5812666666666667 0.20875201288244769 0.3044
7 0.669645732689211 0.6947599999999999 0.1722222222222222 0.37357333333333326
7 0.5685024154589371 0.5625066666666667 0.06433172302737518 0.1728533333333333
7 0.2556441223832528 0.5956266666666667 0.15349436392914653 0.2032533333333334
7 0.3052495974235105 0.56448 0.1354106280193237 0.15978666666666663
7 0.5482085346215781 0.5469066666666667 0.04603059581320457 0.10874666666666667
7 0.5323752012882448 0.5243599999999999 0.0307407407407407 0.09309333333333332
7 0.38557165861513687 0.5178133333333333 0.05413848631239936 0.0996266666666667
1 0.46325684380032206 0.5007866666666667 0.09659420289855075 0.09394666666666664
1 0.6356561996779387 0.47232 0.022632850241545904 0.05770666666666663