7 0.5077455716586151 0.5757733333333334 0.06896940418679556 0.21581333333333336
6 0.7937600644122383 0.6292266666666667 0.23529790660225444 0.5895466666666667
7 0.6514734299516908 0.5600533333333333 0.1326731078904992 0.20927999999999997
7 0.5783091787439614 0.50188 0.06724637681159419 0.09469333333333338
7 0.554512882447665 0.4954666666666667 0.0443397745571659 0.06863999999999995
7 0.5461553945249598 0.49004 0.04202093397745567 0.05485333333333339
7 0.07510869565217392 0.60384 0.15021739130434783 0.26256
7 0.18845410628019324 0.5649466666666666 0.10658615136876005 0.16850666666666667
7 0.2704710144927536 0.5491733333333333 0.06649758454106283 0.104
7 0.3595088566827697 0.5110533333333332 0.03927536231884056 0.0675466666666667
7 0.37673510466988724 0.499 0.02886473429951688 0.07250666666666666
7 0.4037399355877617 0.49271999999999994 0.026996779388083758 0.051626666666666626
7 0.4365740740740741 0.48813333333333336 0.025982286634460533 0.038826666666666676
7 0.9620048309178744 0.5488666666666666 0.07438003220611925 0.11405333333333335
7 0.11337761674718197 0.5505733333333334 0.08181159420289855 0.13319999999999996
1 0.45440418679549116 0.4749066666666667 0.008051529790660225 0.04218666666666665
1 0.29346618357487925 0.4990533333333333 0.0361755233494364 0.06978666666666664