7 0.5157165861513687 0.6131466666666667 0.09228663446054751 0.28874666666666665
7 0.7543961352657005 0.6502 0.19943639291465373 0.3834933333333334
7 0.5980877616747182 0.5148133333333333 0.08031400966183574 0.11810666666666665
7 0.5677858293075685 0.5030133333333333 0.05098228663446059 0.08080000000000002
7 0.5531400966183575 0.49450666666666665 0.04756843800322055 0.06282666666666667
7 0.07520933977455717 0.60852 0.15041867954911434 0.25127999999999995
7 0.20861513687600647 0.5711466666666667 0.09590982286634463 0.13786666666666664
7 0.3369927536231884 0.5198266666666667 0.04699677938808374 0.07928000000000004
7 0.36020933977455716 0.5031466666666666 0.03402576489533011 0.0834666666666667
7 0.39492753623188404 0.49610666666666664 0.0307407407407407 0.05781333333333335
7 0.4318357487922705 0.4902533333333333 0.028647342995169117 0.042533333333333305
7 0.2596658615136876 0.5143866666666667 0.0511996779388084 0.08162666666666663
7 0.01885265700483092 0.5771333333333334 0.03770531400966184 0.1715466666666667