8 0.49551696284329566 0.5238235294117648 0.016348949919224563 0.15401069518716576
8 0.5064256865912762 0.5270320855614974 0.02188206785137321 0.17288770053475935
8 0.04260500807754442 0.7155748663101604 0.08521001615508884 0.5635026737967914
8 0.08121163166397415 0.6434358288770053 0.05046849757673667 0.3493315508021391
8 0.16956785137318256 0.676216577540107 0.05839256865912762 0.4696524064171123
8 0.6757390953150243 0.626951871657754 0.06230210016155088 0.44598930481283416
8 0.8739256865912763 0.6749064171122995 0.10654281098546031 0.6448395721925133
8 0.3080290791599354 0.5449732620320855 0.03145395799676898 0.17411764705882354
8 0.42930129240710824 0.5300401069518716 0.018150242326332815 0.17526737967914435
7 0.3438651050080776 0.5435695187165775 0.11008885298869145 0.28093582887700547
6 0.39345315024232635 0.5158957219251337 0.062092084006461996 0.19270053475935828
1 0.016264135702746367 0.7811363636363636 0.032528271405492734 0.42703208556149735
1 0.6184612277867528 0.5956016042780748 0.048667205169628434 0.21799465240641705
1 0.4507552504038772 0.48008021390374334 0.01533925686591277 0.055935828877005316
1 0.5530977382875606 0.4818181818181818 0.012738287560581568 0.06283422459893048