7 0.04366747181964573 0.7742800000000001 0.08733494363929147 0.44610666666666665
7 0.8388969404186796 0.7495733333333334 0.3205958132045088 0.49551999999999996
7 0.14962157809983898 0.6986000000000001 0.19144927536231887 0.34280000000000005
8 0.6740780998389694 0.52616 0.026304347826086923 0.25482666666666665
8 0.7022222222222222 0.51288 0.02818035426731079 0.2586133333333333
7 0.6781119162640902 0.6504266666666667 0.15158615136876005 0.3202666666666666
6 0.28456119162640897 0.5208533333333333 0.08810789049919485 0.1125333333333333
1 0.03266908212560387 0.7768533333333333 0.06533816425120774 0.4356266666666667
1 0.6856561996779388 0.39642666666666665 0.24554750402576492 0.1991466666666667
1 0.8664049919484702 0.4404 0.0830515297906603 0.08703999999999996
1 0.22419082125603865 0.5042266666666666 0.025756843800322067 0.03527999999999997
1 0.34346618357487924 0.4878533333333333 0.029927536231884072 0.0404533333333333