7 0.49396051571313454 0.5695478723404256 0.07051571313456889 0.21196808510638296
7 0.08035858178887993 0.7507712765957447 0.16071716357775986 0.49313829787234037
7 0.3211402095084609 0.5881382978723404 0.09198227236099922 0.18489361702127655
7 0.25064867042707495 0.5617686170212767 0.09214343271555199 0.1559840425531915
7 0.3838960515713134 0.5425000000000001 0.05762288477034644 0.12292553191489361
2 0.41306607574536663 0.455970744680851 0.06379532634971803 0.21343085106382978
2 0.4480620467365029 0.4563164893617021 0.025036261079774417 0.11183510638297868
7 0.03711120064464142 0.5997739361702127 0.07422240128928284 0.2105053191489361
7 0.128638195004029 0.5608111702127659 0.1086543110394843 0.15077127659574469
6 0.31456083803384366 0.5001994680851064 0.04375503626107974 0.09476063829787233
7 0.517743755036261 0.5058776595744681 0.02420628525382753 0.05069148936170213
7 0.5570265914585012 0.5039494680851064 0.017695406929895276 0.03853723404255314