7 0.32057165861513687 0.5623733333333333 0.04299516908212563 0.11994666666666665
6 0.27287439613526565 0.5327866666666667 0.048727858293075715 0.11810666666666665
7 0.09047101449275363 0.6817599999999999 0.15268115942028984 0.25994666666666666
7 0.1245450885668277 0.5707733333333334 0.06989533011272142 0.06826666666666666
7 0.6960225442834139 0.51084 0.035056360708534594 0.0654666666666667
1 0.004806763285024155 0.68276 0.00961352657004831 0.18536000000000005
1 0.20180354267310788 0.5568533333333333 0.05805152979066022 0.06805333333333335
1 0.36456119162640904 0.5438933333333332 0.040861513687600645 0.08357333333333335
1 0.7450281803542673 0.4878533333333333 0.045547504025764934 0.06114666666666668
1 0.7981561996779387 0.48526666666666673 0.01117552334943639 0.05943999999999998
1 0.8697906602254428 0.4740533333333334 0.10544283413848635 0.07151999999999999