7 0.19853864734299517 0.5936266666666667 0.14749597423510466 0.17898666666666668
7 0.2689975845410628 0.55952 0.10591787439613527 0.14629333333333336
7 0.29434782608695653 0.5435333333333333 0.09516908212560385 0.1276
7 0.32989533011272143 0.5287866666666666 0.0861513687600644 0.11266666666666666
7 0.3635064412238325 0.5224133333333333 0.05157004830917875 0.08157333333333326
7 0.3781924315619968 0.5183466666666666 0.05488727858293077 0.06426666666666665
7 0.3945652173913043 0.5012666666666667 0.04847020933977455 0.06525333333333333
7 0.4029186795491143 0.5027066666666666 0.0463043478260869 0.05943999999999998
1 0.06508051529790661 0.5706533333333333 0.04711755233494364 0.22674666666666668
1 0.4429428341384863 0.49130666666666667 0.025756843800322067 0.04735999999999998
1 0.5192471819645732 0.48697333333333337 0.048156199677938764 0.05597333333333336
1 0.7770611916264091 0.4878533333333333 0.02940418679549113 0.16119999999999998
1 0.9579629629629629 0.42230666666666666 0.08082125603864743 0.05426666666666665
1 0.817157809983897 0.43868 0.06169082125603865 0.03528000000000005
1 0.672890499194847 0.44902666666666663 0.11273752012882446 0.04562666666666663