7 0.5046980676328503 0.55392 0.052020933977455726 0.1403733333333333
6 0.8800362318840581 0.5981466666666667 0.238317230273752 0.7983733333333333
7 0.10116747181964574 0.7092133333333333 0.20233494363929147 0.57624
7 0.20979066022544285 0.66524 0.20890499194847023 0.36114666666666667
7 0.28349436392914656 0.6207600000000001 0.17991948470209337 0.26008
7 0.3718397745571658 0.5518666666666666 0.097512077294686 0.1622933333333333
7 0.42224637681159427 0.5087066666666666 0.0651368760064412 0.08621333333333336
7 0.6572222222222222 0.6069599999999999 0.11027375201288248 0.21589333333333327
7 0.6047141706924316 0.5401733333333333 0.06838164251207725 0.1625333333333333
8 0.5656320450885668 0.5382133333333333 0.016642512077294745 0.13504000000000005
7 0.49933977455716594 0.5159733333333334 0.03049919484702093 0.09210666666666664
7 0.15666666666666665 0.5164933333333334 0.0992109500805153 0.12525333333333333
6 0.6740579710144927 0.48157333333333335 0.07589371980676328 0.0993066666666667
1 0.27575684380032206 0.46197333333333335 0.03409017713365542 0.02666666666666667
1 0.4627375201288245 0.46886666666666665 0.03409017713365542 0.08530666666666661
1 0.41143719806763285 0.44472 0.02419484702093394 0.03701333333333332
1 0.5481521739130435 0.5042266666666667 0.013260869565217322 0.10082666666666668
1 0.5244524959742352 0.4559333333333334 0.015861513687600682 0.03527999999999997