8 0.5336070261437909 0.4704864864864865 0.016070261437908556 0.15405405405405406
8 0.21496732026143792 0.5380675675675676 0.02696078431372549 0.32516216216216215
8 0.9085784313725489 0.6757297297297297 0.18120915032679735 0.6431351351351352
8 0.5725735294117646 0.4718648648648649 0.03158496732026141 0.19589189189189193
8 0.5917810457516339 0.6713513513513514 0.1452777777777778 0.6518918918918919
8 0.595857843137255 0.7235135135135135 0.1141830065359477 0.5475675675675675
8 0.6189705882352942 0.6847837837837838 0.05392156862745098 0.625027027027027
8 0.6793259803921569 0.7416621621621622 0.06971405228758164 0.5112702702702703
8 0.7000326797385621 0.6973918918918918 0.05065359477124183 0.5998108108108108
8 0.7905392156862745 0.7153918918918919 0.07299019607843131 0.5638108108108109
8 0.30292892156862744 0.7221621621621621 0.07951797385620914 0.5502702702702702
8 0.46444444444444444 0.5788513513513514 0.046290849673202586 0.3705675675675676
8 0.5497385620915033 0.5775675675675677 0.03839869281045752 0.3420000000000001
8 0.5774142156862745 0.5594729729729729 0.06808006535947707 0.3686216216216216
8 0.6342892156862745 0.5451891891891892 0.0594771241830065 0.34535135135135137
6 0.10916666666666668 0.49864864864864866 0.21833333333333335 0.9972972972972973
1 0.40673611111111113 0.43354054054054053 0.01897875816993461 0.10756756756756759
1 0.2595996732026144 0.43785135135135134 0.031993464052287555 0.11618918918918922
1 0.7819934640522876 0.3422297297297297 0.07053921568627454 0.059324324324324294