8 0.46600161550888525 0.5394251336898396 0.022617124394184167 0.2042513368983957
8 0.5061470113085622 0.5345588235294118 0.02476575121163173 0.21483957219251335
8 0.2868053311793215 0.5397593582887701 0.02046042003231021 0.19545454545454544
8 0.4559208400646203 0.5579679144385027 0.023424878836833602 0.227379679144385
8 0.5772617124394185 0.6380748663101604 0.05788368336025845 0.4940106951871657
8 0.9684531502423263 0.592072192513369 0.058424878836833546 0.4662299465240642
8 0.5142285945072698 0.5461229946524064 0.028537964458804466 0.23379679144385027
8 0.6281906300484653 0.6165641711229948 0.048465266558966075 0.37441176470588233
7 0.3287883683360258 0.6040508021390375 0.1710016155088853 0.3917914438502674
7 0.3412075928917609 0.5105882352941176 0.08175282714054925 0.21802139037433152
6 0.3745476575121163 0.49864973262032086 0.04991922455573502 0.15991978609625668
1 0.4330492730210016 0.465427807486631 0.007003231017770657 0.05422459893048129