7 0.8300644122383253 0.7074400000000001 0.3382608695652174 0.5797866666666667
7 0.04378421900161031 0.7932666666666667 0.08756843800322062 0.40813333333333335
7 0.4175362318840579 0.5492400000000001 0.04524959742351041 0.10301333333333332
7 0.6671980676328503 0.6232933333333334 0.10938808373590983 0.23058666666666675
7 0.6201046698872786 0.5676266666666667 0.0691143317230274 0.16959999999999997
7 0.5973349436392914 0.5550533333333333 0.04855072463768112 0.12509333333333333
7 0.5833051529790659 0.5363066666666667 0.039524959742351075 0.10146666666666662
7 0.47398550724637684 0.51512 0.020483091787439567 0.05146666666666662
1 0.035797101449275365 0.8079066666666668 0.07159420289855073 0.37351999999999996
1 0.45127616747181964 0.5361466666666667 0.01950885668276974 0.0853066666666667
1 0.5369565217391304 0.4947600000000001 0.035652173913043456 0.043919999999999994