7 0.07222624798711755 0.7660533333333333 0.1444524959742351 0.46256
0 0.32541062801932363 0.6077199999999999 0.05803542673107889 0.3020533333333333
0 0.36259259259259263 0.6046 0.04455716586151367 0.2731466666666667
7 0.33489533011272143 0.5763866666666666 0.0814170692431562 0.1553866666666667
0 0.4143317230273752 0.53168 0.019194847020933957 0.1314666666666667
7 0.41394927536231885 0.52264 0.038977455716586173 0.07365333333333335
7 0.5279186795491143 0.5053866666666667 0.026980676328502408 0.0733866666666667
7 0.8975644122383254 0.7106266666666667 0.20326086956521744 0.5734133333333333
1 0.5046658615136876 0.47405333333333327 0.017946859903381705 0.047360000000000055
1 0.576280193236715 0.49474666666666667 0.014299516908212554 0.13360000000000005
1 0.5460708534621578 0.49216 0.004927536231884062 0.0525333333333333