7 0.9247584541062801 0.7615733333333334 0.14887278582930763 0.47152
7 0.24425925925925926 0.7010933333333332 0.20090177133655393 0.41216
7 0.7476932367149758 0.6817066666666667 0.21765700483091782 0.40192
7 0.36128421900161034 0.5674533333333333 0.09488727858293072 0.23725333333333326
7 0.43969806763285024 0.5338799999999999 0.06385668276972625 0.1478666666666667
7 0.63920692431562 0.5649733333333333 0.07884863123993564 0.20749333333333334
7 0.6206642512077295 0.5518000000000001 0.04714170692431558 0.14663999999999994
7 0.5453945249597424 0.5103599999999999 0.054669887278583004 0.09453333333333337
5 0.6675684380032206 0.4197866666666667 0.03665056360708533 0.10368000000000006
1 0.09334943639291465 0.77168 0.1866988727858293 0.44597333333333333
1 0.47862318840579715 0.47834666666666664 0.008566827697262469 0.028373333333333296
1 0.11065217391304348 0.5232266666666667 0.010128824476650573 0.02149333333333334
1 0.08252818035426732 0.5258133333333334 0.012222222222222228 0.01632000000000001
1 0.5767995169082125 0.4835466666666666 0.03512882447665056 0.08704000000000003
1 0.6218518518518519 0.43610666666666664 0.04190016103059578 0.03701333333333332
1 0.749975845410628 0.4343733333333333 0.07628019323671498 0.07152000000000006