7 0.490475040257649 0.5093466666666666 0.019017713365539455 0.059919999999999994
7 0.8352858293075685 0.76904 0.32781803542673105 0.45658666666666664
7 0.6827858293075684 0.6820933333333334 0.17652173913043478 0.38205333333333336
7 0.4534903381642512 0.5178933333333333 0.022681159420289913 0.06256000000000002
7 0.5833937198067634 0.5671466666666667 0.06232689210950078 0.16058666666666666
7 0.5605716586151369 0.5430266666666667 0.05288244766505641 0.14189333333333334
7 0.533816425120773 0.5127733333333334 0.03082125603864732 0.08106666666666668
7 0.36873590982286636 0.5160933333333333 0.042254428341384834 0.052826666666666675
7 0.31272544283413845 0.52068 0.047528180354267334 0.055120000000000044
8 0.592012882447665 0.5103599999999999 0.014219001610305933 0.13037333333333337
1 0.4299235104669887 0.5059600000000001 0.018462157809983858 0.04562666666666663