7 0.36805152979066025 0.6147333333333332 0.0938808373590982 0.24034666666666657
7 0.41624396135265695 0.5632266666666667 0.04925120772946857 0.13808
6 0.43513285024154585 0.50828 0.0414090177133655 0.14584
7 0.0918317230273752 0.76552 0.1836634460547504 0.4636266666666667
7 0.6040901771336554 0.5584666666666667 0.12995169082125602 0.16711999999999996
7 0.5825442834138486 0.5458000000000001 0.10605475040257652 0.12237333333333338
7 0.5462359098228663 0.5213333333333333 0.07316425120772947 0.1007466666666666
6 0.45495974235104664 0.5069866666666667 0.027423510466988776 0.08480000000000003
2 0.7107125603864733 0.6186933333333333 0.10462962962962957 0.19984000000000007
6 0.23628824476650562 0.68468 0.2731400966183575 0.6253066666666667
1 0.5007528180354267 0.5076933333333333 0.015338164251207785 0.06978666666666664