7 0.4838123993558776 0.4998933333333333 0.019653784219001585 0.061919999999999996
7 0.39522544283413846 0.5710533333333334 0.06629629629629627 0.16301333333333332
7 0.8406360708534621 0.7478533333333334 0.31711755233494365 0.49896
7 0.6828462157809985 0.6836000000000001 0.18921900161030594 0.4348266666666667
7 0.6118156199677939 0.5962133333333333 0.09330917874396143 0.2772266666666667
7 0.5586151368760064 0.54456 0.05516908212560385 0.13951999999999998
7 0.5262882447665057 0.51352 0.02743961352657008 0.08
7 0.5440660225442834 0.5295466666666667 0.04136876006441224 0.11733333333333333
7 0.3195008051529791 0.5258 0.05946859903381643 0.07202666666666672
7 0.24332930756843804 0.528 0.06701288244766503 0.07519999999999998
7 0.5140700483091788 0.4973733333333333 0.019138486312399342 0.053146666666666606
8 0.6576771336553946 0.5396533333333333 0.02355072463768116 0.2473066666666667
1 0.18669484702093397 0.5301066666666666 0.03512882447665056 0.0525333333333333