7 0.0865901771336554 0.65952 0.1731803542673108 0.2797333333333333
4 0.5734943639291465 0.45373333333333327 0.03299516908212562 0.09573333333333335
7 0.2262278582930757 0.5705600000000001 0.10205314009661838 0.19882666666666668
7 0.28783011272141706 0.5613466666666667 0.06952495974235107 0.12503999999999996
7 0.3237721417069243 0.53836 0.06147342995169084 0.1247733333333333
7 0.37517713365539457 0.52596 0.03929146537842191 0.08066666666666666
7 0.39338969404186797 0.5182666666666667 0.03268921095008049 0.06853333333333331
1 0.4317471819645733 0.4956 0.026280193236714964 0.0525333333333333
1 0.6166425120772947 0.4662933333333334 0.006489533011272097 0.052533333333333376
1 0.6648188405797102 0.4818 0.013260869565217413 0.09047999999999994
1 0.5283615136876005 0.46368 0.0059661835748792014 0.02319999999999997