7 0.49222624798711756 0.5466000000000001 0.04448470209339775 0.12061333333333331
7 0.16691223832528182 0.67848 0.2509903381642512 0.5155199999999999
7 0.26023752012882445 0.6077733333333334 0.1550644122383253 0.35496000000000005
7 0.33719806763285026 0.57196 0.10589371980676326 0.16504000000000005
7 0.36939210950080514 0.5372800000000001 0.09636876006441224 0.16895999999999997
7 0.39493961352657003 0.5380933333333333 0.07899355877616752 0.10082666666666668
6 0.5714533011272142 0.5073466666666666 0.0685909822866345 0.20306666666666667
7 0.4861755233494364 0.51848 0.027584541062801924 0.08335999999999998
5 0.039533011272141705 0.4950533333333333 0.07906602254428341 0.3604533333333333
1 0.5163808373590982 0.4904266666666667 0.036175523349436356 0.09738666666666662
1 0.44919484702093404 0.5042266666666666 0.03409017713365542 0.06978666666666664