7 0.18018115942028987 0.7671866666666667 0.29393719806763285 0.4602933333333334
7 0.07611111111111112 0.77312 0.15222222222222223 0.4349866666666667
7 0.5412520128824477 0.5267333333333334 0.04049114331723024 0.10930666666666669
7 0.3364452495974235 0.6075733333333333 0.09661030595813205 0.20687999999999995
7 0.6985386473429952 0.5062266666666667 0.13556360708534623 0.13464000000000004
7 0.673840579710145 0.48552 0.11157809983896944 0.152
6 0.8943478260869565 0.4278666666666666 0.11597423510466985 0.13120000000000004
1 0.4236755233494364 0.5128533333333333 0.06326086956521738 0.07669333333333331
1 0.4952898550724638 0.48957333333333336 0.042946859903381665 0.05770666666666663
1 0.5919001610305958 0.4904266666666667 0.050756843800322034 0.09738666666666662
1 0.8004951690821256 0.4412533333333334 0.06377616747181958 0.08874666666666667