7 0.10527463651050081 0.7942379679144386 0.21054927302100163 0.4061764705882353
8 0.6231825525040388 0.5972860962566845 0.0444264943457189 0.3007754010695187
8 0.23298465266558965 0.6066310160427807 0.026114701130856253 0.2363636363636363
8 0.3568012924071083 0.5535695187165776 0.017770597738287562 0.16660427807486633
8 0.3468336025848142 0.5511229946524064 0.012924071082390954 0.1414973262032086
8 0.43101373182552505 0.5269251336898395 0.013465266558966042 0.10802139037433156
6 0.5286954765751213 0.5028475935828877 0.08532310177705978 0.3242513368983957
1 0.31038772213247173 0.5214705882352941 0.014814216478190655 0.10422459893048133
1 0.07615912762520194 0.8811363636363635 0.15231825525040388 0.2270320855614974
1 0.39945476575121164 0.5292112299465241 0.015856219709208398 0.10248663101604281
1 0.46481825525040393 0.516283422459893 0.03512924071082392 0.08352941176470591
1 0.9725767366720517 0.7061363636363637 0.05161550888529894 0.5770320855614973