7 0.033530595813204514 0.7041200000000001 0.06706119162640903 0.3382666666666667
7 0.3561513687600644 0.5583999999999999 0.0602415458937198 0.12575999999999998
7 0.10423107890499196 0.65004 0.17970209339774557 0.2590666666666666
7 0.21671900161030597 0.5906133333333334 0.09554750402576488 0.1537066666666667
7 0.27579307568438 0.55324 0.07751207729468602 0.11501333333333331
7 0.543377616747182 0.5002266666666667 0.02483896940418672 0.06797333333333336
1 0.5163848631239935 0.4869866666666667 0.023671497584541044 0.07669333333333331
1 0.5658574879227054 0.48181333333333337 0.018462157809983858 0.06288000000000003
1 0.5971095008051529 0.44732 0.017423510466988718 0.0697866666666667
1 0.7583091787439613 0.42918666666666666 0.11898550724637688 0.06114666666666668
1 0.9372061191626408 0.4084933333333333 0.1215942028985507 0.1508533333333333