7 0.6836070853462157 0.6801066666666667 0.18758454106280195 0.38666666666666677
7 0.3270088566827697 0.6256933333333333 0.09944444444444443 0.20589333333333334
7 0.5688687600644123 0.5586266666666667 0.06224637681159425 0.15922666666666668
7 0.38114734299516906 0.5551333333333334 0.06066827697262477 0.14642666666666665
7 0.41405797101449276 0.53068 0.03157809983896943 0.08605333333333329
0 0.4628059581320451 0.4974133333333333 0.006626409017713289 0.05381333333333335
0 0.4702415458937198 0.49772000000000005 0.006312399355877642 0.05085333333333331
7 0.5334219001610306 0.5168933333333333 0.03396135265700488 0.09304000000000004
1 0.4432085346215781 0.5068133333333333 0.02419484702093394 0.07496000000000004
1 0.500499194847021 0.4869866666666667 0.022109500805153007 0.06634666666666665
1 0.32940418679549116 0.49129333333333336 0.02159420289855072 0.05426666666666665