0 0.7262540849673202 0.5393108108108109 0.05425653594771239 0.33375675675675676
8 0.6564542483660131 0.5984054054054054 0.049101307189542406 0.3643243243243244
0 0.4437377450980392 0.5153378378378378 0.03897875816993467 0.15499999999999997
8 0.799485294117647 0.5105405405405404 0.03238562091503267 0.2933513513513513
8 0.5733169934640523 0.4895810810810811 0.01571895424836602 0.14829729729729732
8 0.580563725490196 0.486 0.01707516339869279 0.12075675675675678
8 0.5976388888888888 0.47486486486486484 0.009003267973856194 0.12302702702702706
8 0.5841053921568627 0.47709459459459463 0.012900326797385684 0.1374864864864865
8 0.6011111111111112 0.47052702702702703 0.010310457516339872 0.14759459459459462
1 0.48772875816993466 0.45078378378378386 0.016372549019607812 0.052432432432432445
1 0.8426470588235295 0.4619864864864865 0.03251633986928101 0.11618918918918922