7 0.49684782608695655 0.5213599999999999 0.035096618357487945 0.10992
7 0.9200322061191625 0.7189466666666667 0.15832528180354274 0.5567733333333333
7 0.7693639291465378 0.6761066666666667 0.21201288244766509 0.40576
7 0.6838003220611916 0.5980533333333333 0.1584702093397746 0.29792
7 0.6503824476650564 0.565 0.13643317230273755 0.20568
7 0.6220330112721417 0.53864 0.11459742351046702 0.1778666666666667
7 0.5938486312399356 0.5199333333333334 0.08561996779388087 0.11
7 0.40993961352657005 0.5134933333333334 0.02554750402576491 0.06090666666666668
7 0.5639855072463769 0.5017733333333333 0.06231884057971013 0.08098666666666668
7 0.5465096618357489 0.49654666666666664 0.050845410628019304 0.06391999999999999
6 0.5356199677938809 0.4822666666666667 0.0423188405797101 0.06421333333333329
7 0.3928864734299517 0.4942133333333333 0.022858293075684415 0.05205333333333336
7 0.37124798711755236 0.49232000000000004 0.015104669887278621 0.04005333333333329
1 0.45115136876006445 0.4857066666666666 0.05231884057971016 0.03615999999999993