7 0.6910748792270531 0.6951866666666666 0.17612721417069244 0.3719733333333334
7 0.0859098228663446 0.7363066666666667 0.1718196457326892 0.48434666666666665
6 0.11923510466988728 0.6501199999999999 0.23847020933977456 0.40386666666666665
7 0.22065217391304348 0.59308 0.1699194847020934 0.24648
7 0.7172785829307569 0.59604 0.16085346215780996 0.16877333333333325
7 0.683220611916264 0.5590133333333334 0.11876006441223833 0.1723733333333333
7 0.6252294685990338 0.5220533333333333 0.10413043478260872 0.13311999999999996
2 0.32936392914653784 0.55872 0.0669082125603865 0.10698666666666667
7 0.3160144927536232 0.49932 0.11566827697262477 0.19586666666666663
6 0.5300523349436393 0.4827333333333333 0.03929951690821261 0.13389333333333336
7 0.3669243156199678 0.5082800000000001 0.08278582930756843 0.09111999999999996
7 0.3901731078904992 0.5009600000000001 0.07060386473429955 0.09674666666666668
6 0.5146376811594203 0.46758666666666665 0.025265700483091784 0.0977866666666667
6 0.43138486312399354 0.467 0.046296296296296294 0.07528000000000006
1 0.4719887278582931 0.46292 0.025539452495974255 0.038320000000000014
1 0.49282608695652175 0.47101333333333334 0.01064412238325284 0.02650666666666666