8 0.22969001610305956 0.7363733333333333 0.06021739130434784 0.52192
8 0.18177133655394523 0.72588 0.06977455716586149 0.5429066666666666
8 0.6537157809983897 0.5869333333333332 0.04316425120772948 0.36895999999999995
8 0.7053421900161031 0.5767466666666666 0.042971014492753624 0.3776533333333333
0 0.7716022544283413 0.5866533333333334 0.029291465378421897 0.2326133333333334
0 0.7980756843800323 0.5624666666666667 0.030901771336553942 0.23090666666666668
8 0.1784339774557166 0.6119066666666666 0.055322061191626436 0.34765333333333326
1 0.47874396135265695 0.49728000000000006 0.009565217391304344 0.045866666666666715
1 0.5985064412238326 0.5118266666666667 0.012407407407407383 0.10232000000000001
1 0.5601288244766506 0.51804 0.024975845410628097 0.0646133333333333
1 0.3156038647342995 0.5426133333333334 0.01247987117552335 0.10341333333333334