7 0.045201288244766505 0.7856533333333333 0.09040257648953301 0.42335999999999996
6 0.12473832528180355 0.6792266666666666 0.2494766505636071 0.49984
7 0.8094122383252818 0.61228 0.20057971014492745 0.2613066666666667
7 0.5553260869565216 0.554 0.053389694041868004 0.1207466666666666
7 0.19530595813204507 0.643 0.18101449275362322 0.23789333333333335
7 0.2344001610305958 0.6180666666666667 0.15966988727858292 0.19906666666666675
7 0.3043719806763285 0.5790533333333333 0.1282286634460548 0.14594666666666664
7 0.5277657004830918 0.5314 0.037624798711755246 0.08605333333333336
1 0.3980193236714976 0.53744 0.05231884057971016 0.09824000000000001
1 0.4402133655394525 0.5128666666666666 0.027318840579710197 0.05426666666666665
1 0.4644323671497585 0.49216 0.01638486312399358 0.03354666666666663
1 0.48161835748792275 0.4869866666666667 0.010128824476650597 0.018026666666666642
1 0.49515297906602257 0.4982133333333333 0.012077294685990338 0.04026666666666665