7 0.08056360708534621 0.7652 0.16112721417069242 0.42463999999999996
6 0.13997584541062802 0.64392 0.27995169082125604 0.4173333333333334
7 0.7684138486312401 0.58444 0.1703542673107891 0.22519999999999998
7 0.54664653784219 0.5448533333333333 0.04947665056360703 0.11216000000000001
7 0.22417069243156196 0.6256666666666667 0.15879227053140094 0.2110666666666666
7 0.2544202898550725 0.6027866666666667 0.14334943639291464 0.17965333333333336
7 0.31479066022544283 0.5723733333333333 0.11843800322061189 0.1353066666666666
7 0.5226731078904993 0.5265599999999999 0.03536231884057968 0.0817066666666667
1 0.4007608695652174 0.5452133333333333 0.046851851851851894 0.13447999999999993
1 0.44216586151368764 0.5064 0.029661835748792297 0.05685333333333332
1 0.4659098228663447 0.48758666666666667 0.01676328502415463 0.03448000000000002
1 0.48490338164251207 0.47829333333333335 0.015925925925925902 0.023573333333333342
1 0.49646135265700486 0.487 0.011698872785829286 0.04392000000000007