7 0.04299114331723028 0.76292 0.08598228663446056 0.46882666666666667
7 0.6426932367149758 0.58456 0.09770531400966186 0.23413333333333336
7 0.13902979066022542 0.7716000000000001 0.2726006441223833 0.4514666666666667
7 0.2780756843800322 0.65584 0.14505636070853464 0.27802666666666664
7 0.4471698872785829 0.52816 0.032987117552334966 0.07658666666666666
7 0.6066103059581321 0.5664266666666666 0.0557004830917874 0.13098666666666667
7 0.5906239935587762 0.5422666666666667 0.04226247987117553 0.11354666666666663
7 0.5802053140096618 0.5346 0.033631239935587746 0.08951999999999999
7 0.48874396135265696 0.5081866666666667 0.017536231884057948 0.044
1 0.5081763285024155 0.49216 0.025756843800322067 0.02319999999999997
1 0.537866344605475 0.4869866666666667 0.010128824476650597 0.028373333333333296