7 0.4965619967793881 0.5392666666666667 0.043510466988727826 0.11714666666666669
7 0.23048711755233492 0.6235866666666666 0.13878421900161028 0.24525333333333327
7 0.2836714975845411 0.58044 0.12782608695652173 0.21186666666666665
7 0.3398470209339775 0.5417066666666667 0.08945249597423507 0.12181333333333327
7 0.43345410628019326 0.54652 0.04954911433172304 0.11906666666666668
7 0.3897665056360709 0.5138533333333333 0.07133655394524957 0.09416000000000001
7 0.6103985507246377 0.60348 0.09153784219001615 0.21560000000000007
5 0.5822101449275362 0.45350666666666667 0.08714170692431564 0.31544
8 0.6532850241545893 0.5437066666666667 0.017713365539452495 0.18474666666666667
5 0.518780193236715 0.45770666666666665 0.029653784219001642 0.12533333333333332
7 0.4930877616747182 0.5091733333333334 0.028301127214170673 0.08549333333333334
7 0.20677536231884058 0.5284133333333333 0.06532206119162641 0.09848000000000001