7 0.15618357487922704 0.6797866666666668 0.2009178743961353 0.3496000000000001
7 0.8349315619967795 0.7470133333333333 0.32852657004830915 0.50064
7 0.2642874396135266 0.6104266666666667 0.12161835748792268 0.2317866666666667
7 0.6802576489533011 0.6372933333333334 0.15206119162640894 0.31709333333333334
7 0.4047463768115942 0.5083599999999999 0.044967793880837374 0.06525333333333333
8 0.546243961352657 0.5001466666666667 0.01343800322061187 0.08696000000000004
5 0.5323631239935587 0.45918666666666663 0.061908212560386464 0.10616
1 0.3238083735909823 0.5076933333333333 0.04138486312399354 0.043919999999999994
1 0.48630434782608695 0.49088 0.0445088566827697 0.051680000000000066
1 0.586304347826087 0.49734666666666666 0.010128824476650597 0.0697866666666667
1 0.5780998389694042 0.48441333333333325 0.026537842190016134 0.043919999999999994