6 0.38631239935587763 0.5148666666666666 0.03280193236714977 0.10866666666666666
0 0.5028784219001611 0.5980133333333333 0.05044283413848629 0.2668533333333334
7 0.6302858293075685 0.6257466666666667 0.11033011272141714 0.26680000000000004
7 0.542866344605475 0.5860266666666667 0.09342995169082123 0.18757333333333334
7 0.2618558776167472 0.5792533333333333 0.07987922705314009 0.17626666666666674
6 0.2879951690821256 0.5534133333333333 0.058003220611916234 0.15776000000000007
7 0.48690418679549113 0.5465466666666666 0.05902576489533007 0.13976
7 0.4620813204508856 0.53776 0.05177938808373587 0.11050666666666666
7 0.4393357487922705 0.53024 0.03551529790660227 0.08271999999999995
1 0.33977858293075686 0.48824 0.004983896940418678 0.05103999999999996
1 0.3558856682769726 0.46225333333333335 0.01856682769726248 0.032346666666666656