7 0.5042552334943639 0.5900933333333334 0.06358293075684382 0.17581333333333335
7 0.17563607085346214 0.56276 0.10447665056360708 0.1592266666666666
0 0.7999718196457327 0.5916133333333333 0.12071658615136872 0.2795999999999999
6 0.5890297906602254 0.51904 0.0711030595813205 0.22533333333333333
8 0.35657809983896943 0.5718133333333334 0.02254428341384863 0.2650666666666667
6 0.27554347826086956 0.5161466666666666 0.058655394524959714 0.11565333333333334
7 0.36525362318840576 0.5388666666666666 0.09118357487922706 0.1466933333333334
7 0.39414251207729467 0.5351066666666666 0.08113526570048307 0.10002666666666664
7 0.4173188405797102 0.51984 0.05821256038647344 0.08394666666666671
7 0.43795491143317233 0.5002933333333334 0.04331723027375207 0.05631999999999994
7 0.5597302737520128 0.52416 0.03946054750402585 0.08986666666666664
7 0.4844001610305958 0.53688 0.03471014492753615 0.10533333333333333
7 0.2825281803542673 0.5061466666666666 0.0490016103059581 0.07288000000000003
1 0.4702898550724638 0.46498666666666666 0.026537842190016134 0.04650666666666666
1 0.5312238325281803 0.47403999999999996 0.01872785829307568 0.03874666666666667
1 0.5116988727858293 0.4559333333333334 0.020289855072463805 0.03874666666666667