7 0.08258454106280193 0.6869733333333333 0.16516908212560386 0.3892533333333334
7 0.12194444444444442 0.6590266666666666 0.24306763285024152 0.2915466666666667
6 0.20576892109500805 0.5934533333333334 0.22830112721417065 0.31309333333333333
7 0.7088446054750402 0.5587866666666667 0.13131239935587755 0.17826666666666666
7 0.533768115942029 0.53584 0.0433977455716586 0.0989333333333334
7 0.2634742351046699 0.5839866666666667 0.12814009661835749 0.17165333333333335
7 0.2836151368760064 0.5775866666666667 0.11956521739130435 0.15101333333333333
7 0.3302938808373591 0.5556266666666667 0.10279388083735912 0.11797333333333328
7 0.5117793880837359 0.5193733333333332 0.03138486312399357 0.07442666666666665
1 0.40427133655394526 0.5089866666666667 0.0320048309178744 0.07754666666666662
1 0.43864331723027383 0.49605333333333335 0.028880837359098233 0.05685333333333332
1 0.461304347826087 0.4792266666666667 0.011690821256038724 0.02319999999999997
1 0.47892109500805147 0.48428000000000004 0.01745571658615133 0.033573333333333344