7 0.6881239935587762 0.6420666666666667 0.15964573268921092 0.34216
7 0.4090136876006441 0.5464666666666667 0.06401771336553945 0.20552000000000006
3 0.6213607085346216 0.64596 0.0426892109500805 0.29650666666666664
7 0.25960144927536233 0.7492133333333333 0.19595008051529791 0.4469066666666667
7 0.07918276972624799 0.7942266666666666 0.15836553945249598 0.40621333333333337
7 0.5823349436392915 0.5535066666666667 0.05555555555555555 0.12589333333333327
7 0.616791465378422 0.57552 0.07678743961352658 0.17872000000000002
7 0.45765297906602254 0.5034 0.0254991948470209 0.07442666666666665
7 0.5710426731078905 0.53172 0.04005636070853462 0.10743999999999998
7 0.5590338164251207 0.5204933333333334 0.03227053140096622 0.08493333333333339
7 0.5493558776167471 0.5128266666666667 0.027842190016103094 0.07487999999999996
1 0.4972423510466989 0.48181333333333337 0.0320048309178744 0.038720000000000025
1 0.5261473429951691 0.48829333333333336 0.025756843800322067 0.04133333333333333