7 0.43121578099838964 0.5190666666666666 0.023075684380032182 0.06709333333333332
7 0.18575684380032204 0.5168266666666667 0.05190016103059582 0.08671999999999995
7 0.22594202898550725 0.5165866666666666 0.04299516908212561 0.06623999999999994
7 0.8751167471819645 0.5731333333333334 0.08517713365539449 0.09933333333333333
7 0.25902576489533014 0.5157733333333333 0.03595813204508859 0.060133333333333365
7 0.4487721417069243 0.5029333333333333 0.018236714975845485 0.048
7 0.4789452495974235 0.5464533333333333 0.04127214170692431 0.13621333333333335
7 0.12715378421900161 0.5275333333333333 0.07087761674718196 0.08914666666666661
0 0.7273792270531401 0.5613466666666667 0.02309983896940423 0.12093333333333332
7 0.9500523349436393 0.5717333333333333 0.0714412238325282 0.09130666666666669
1 0.3738003220611916 0.4869866666666667 0.008566827697262469 0.028373333333333296
1 0.4030958132045088 0.4908666666666666 0.007785829307568451 0.020613333333333306