6 0.9687198067632851 0.6070666666666666 0.06095008051529794 0.50928
7 0.5993035426731079 0.62488 0.15490338164251208 0.27477333333333337
7 0.48733896940418686 0.5673466666666667 0.15747987117552337 0.3077599999999999
7 0.813852657004831 0.5310133333333333 0.07564412238325276 0.19119999999999998
5 0.975132850241546 0.40981333333333336 0.048123993558776154 0.26810666666666666
2 0.3912479871175524 0.6458933333333333 0.21178743961352658 0.1747733333333334
7 0.345780998389694 0.5918933333333333 0.151256038647343 0.19189333333333336
7 0.26815217391304347 0.5790933333333333 0.10949275362318842 0.14559999999999998
2 0.28807971014492756 0.5879466666666667 0.09794685990338163 0.15008
2 0.3655917874396135 0.5117066666666666 0.04446859903381644 0.11877333333333331
7 0.021952495974235105 0.5993733333333333 0.04390499194847021 0.12920000000000004