7 0.1554710144927536 0.71404 0.23016908212560386 0.35314666666666666
7 0.8570289855072464 0.74516 0.2843317230273752 0.5043466666666666
7 0.6944565217391304 0.66244 0.17174718196457323 0.3746933333333334
7 0.2834782608695652 0.6134266666666667 0.0995169082125604 0.2057866666666667
7 0.5948429951690821 0.5618000000000001 0.0714734299516908 0.15704000000000004
7 0.363329307568438 0.5591066666666668 0.06324476650563604 0.12573333333333334
7 0.5686634460547504 0.5451333333333334 0.054541062801932376 0.1202933333333333
7 0.40907004830917876 0.5187333333333333 0.030297906602254426 0.07858666666666667
7 0.5451690821256038 0.513 0.03652173913043479 0.09042666666666674
7 0.45094202898550717 0.49044000000000004 0.040225442834138425 0.04594666666666664
1 0.021473429951690822 0.5762533333333333 0.042946859903381644 0.12413333333333336
1 0.2406038647342995 0.5064 0.12497584541062802 0.06719999999999997