7 0.7199476650563607 0.7001866666666666 0.19107085346215785 0.40458666666666665
7 0.4070410628019323 0.5817066666666667 0.0701851851851852 0.22016
3 0.6489090177133655 0.6807466666666666 0.04778582930756846 0.33258666666666664
7 0.22388083735909822 0.7685733333333334 0.24436392914653784 0.45752
7 0.59152576489533 0.5948266666666667 0.06000805152979073 0.14064000000000002
7 0.6319283413848631 0.6258533333333333 0.08488727858293081 0.20466666666666666
7 0.45982689210950084 0.5438266666666667 0.026095008051529766 0.07944000000000005
7 0.5795249597423511 0.5649866666666666 0.04297906602254428 0.11653333333333331
7 0.5654227053140097 0.55572 0.034323671497584536 0.09106666666666668
7 0.5545772946859904 0.5488000000000001 0.02950885668276971 0.08032000000000002
1 0.5109138486312399 0.5154533333333334 0.051537842190016094 0.03874666666666667