7 0.4636543110394843 0.5114627659574468 0.01741337630942789 0.048936170212765896
7 0.08328767123287671 0.7541356382978723 0.16657534246575342 0.4864095744680851
7 0.5653746978243352 0.6047074468085106 0.10224012892828364 0.24505319148936167
7 0.25029814665592265 0.6221675531914894 0.11903303787268334 0.2232180851063829
6 0.1601007252215955 0.5610904255319149 0.13431909750201448 0.2236170212765957
7 0.3180701047542305 0.574813829787234 0.06921031426269142 0.14696808510638296
7 0.4394923448831587 0.5390558510638298 0.03745366639806609 0.11454787234042552
7 0.3414826752618855 0.5426595744680852 0.04870265914585012 0.10510638297872343
7 0.2656970185334408 0.5457579787234043 0.06146655922643032 0.10848404255319147
7 0.37036261079774374 0.5261436170212765 0.02891216760676873 0.07218085106382982
6 0.29656325543916195 0.5141090425531915 0.04621273166800964 0.10731382978723403
7 0.3797582594681708 0.5155452127659576 0.023239323126510857 0.058590425531914896
6 0.39315068493150684 0.49380319148936175 0.018630136986301372 0.0789361702127659
2 0.42850926672038675 0.48847074468085105 0.025253827558420653 0.09859042553191487