7 0.8754549114331723 0.7874666666666666 0.24747987117552336 0.41973333333333335
7 0.36643719806763286 0.5704533333333333 0.06429146537842192 0.164
7 0.11026167471819645 0.7725866666666668 0.2205233494363929 0.44949333333333336
7 0.7364694041867954 0.7541733333333334 0.2277375201288244 0.48632000000000003
7 0.6017471819645732 0.59748 0.09355877616747185 0.22296000000000005
7 0.5588808373590982 0.5659866666666666 0.06708534621578095 0.16605333333333328
7 0.5356682769726248 0.5484266666666666 0.05025764895330109 0.11882666666666668
7 0.3899235104669887 0.55176 0.049444444444444464 0.11765333333333335
7 0.4083011272141707 0.5298133333333334 0.03222222222222221 0.08016000000000001
7 0.6386151368760065 0.4938533333333333 0.056586151368760045 0.09234666666666666
1 0.45388486312399356 0.4999333333333334 0.03904186795491144 0.03874666666666667
1 0.4913768115942029 0.4999333333333334 0.034347826086956496 0.05426666666666665