7 0.8219565217391305 0.7276533333333334 0.35447665056360705 0.53936
7 0.11760064412238326 0.63812 0.23520128824476652 0.34994666666666674
7 0.07421900161030597 0.6938799999999999 0.14843800322061193 0.4523466666666667
7 0.22977858293075684 0.61116 0.20364734299516912 0.25239999999999996
7 0.3097222222222222 0.5443333333333333 0.0973671497584541 0.14365333333333336
7 0.32964573268921094 0.54416 0.09330112721417069 0.12037333333333329
6 0.3519404186795491 0.5174 0.10212560386473428 0.14781333333333335
7 0.6090458937198068 0.51976 0.0659822866344605 0.09445333333333338
7 0.5181723027375201 0.5080266666666666 0.02853462157809979 0.06581333333333335
1 0.4222423510466988 0.4999333333333334 0.027318840579710152 0.043919999999999994
1 0.44411433172302733 0.47664 0.010128824476650597 0.0335466666666667
1 0.48826086956521747 0.47921333333333327 0.020289855072463715 0.05426666666666665