7 0.08955716586151369 0.7507066666666666 0.17911433172302738 0.4932533333333333
7 0.4125402576489533 0.53504 0.04725442834138491 0.09904000000000004
7 0.21663446054750402 0.6346266666666667 0.14500805152979068 0.26264000000000004
7 0.33089774557165863 0.56036 0.06219806763285024 0.12290666666666668
7 0.5181602254428342 0.49990666666666667 0.023196457326892156 0.06722666666666662
7 0.6048832528180355 0.47841333333333336 0.07300322061191632 0.07512000000000005
7 0.595366344605475 0.4666133333333334 0.06326086956521743 0.0895466666666667
6 0.7460225442834139 0.4325866666666667 0.06916264090177132 0.08421333333333329
1 0.9636513687600644 0.4675733333333333 0.06949275362318837 0.15258666666666668
1 0.47223832528180354 0.47274666666666665 0.008566827697262469 0.028373333333333296
1 0.5562278582930757 0.45852 0.054661835748792256 0.04130666666666669
1 0.6706763285024154 0.44171999999999995 0.058566827697262486 0.043919999999999994
1 0.38740338164251203 0.5205866666666666 0.02393719806763282 0.06448000000000002