7 0.6736714975845411 0.5655466666666666 0.08264090177133654 0.1787733333333333
7 0.5907286634460547 0.554 0.06018518518518518 0.1722133333333333
7 0.17928743961352658 0.5661466666666667 0.052053140096618364 0.10306666666666668
7 0.34084138486312404 0.5286533333333333 0.07554750402576488 0.10557333333333334
7 0.11659822866344605 0.5274533333333333 0.02390499194847021 0.06381333333333328
6 0.4650523349436393 0.6419066666666667 0.21619162640901776 0.4160266666666667
7 0.29990338164251207 0.6155733333333333 0.10449275362318843 0.18117333333333333
1 0.7661312399355878 0.5211333333333333 0.12345410628019327 0.114
1 0.04854669887278583 0.5205866666666666 0.05379227053140097 0.06442666666666673
1 0.007020933977455717 0.5465066666666667 0.014041867954911434 0.0930666666666666
1 0.149975845410628 0.55168 0.024975845410628028 0.07754666666666662