8 0.21264297385620914 0.6340810810810811 0.03812908496732027 0.368054054054054
8 0.1629248366013072 0.6196081081081081 0.049836601307189546 0.4268918918918919
8 0.31893382352941174 0.662581081081081 0.05691993464052284 0.4902972972972974
0 0.8368872549019607 0.6203108108108109 0.06328431372549014 0.3021891891891892
0 0.965375816993464 0.5757702702702703 0.033970588235294245 0.17251351351351346
8 0.5899428104575163 0.5122432432432432 0.009526143790849647 0.11102702702702698
8 0.6025163398692811 0.521445945945946 0.010898692810457543 0.09651351351351346
0 0.8109354575163399 0.528108108108108 0.038390522875817 0.1145945945945946
8 0.9113357843137254 0.5300270270270271 0.01089052287581712 0.11708108108108115
8 0.93890522875817 0.5522702702702702 0.0196078431372549 0.11967567567567568
1 0.10699346405228759 0.505054054054054 0.007777777777777775 0.06708108108108106