8 0.5797011308562198 0.608596256684492 0.02880452342487881 0.3047326203208557
8 0.36751211631663977 0.5722593582887701 0.03231017770597738 0.22601604278074874
8 0.3343174474959612 0.5725935828877006 0.01965266558966073 0.21438502673796794
8 0.6708077544426495 0.5535828877005348 0.0215347334410339 0.21363636363636365
8 0.649951534733441 0.5493449197860962 0.0210016155088853 0.20954545454545448
8 0.5359087237479806 0.5462299465240642 0.02046042003231021 0.1817647058823529
8 0.5987762520193862 0.608716577540107 0.022883683360258516 0.28176470588235303
8 0.565456381260097 0.5845989304812834 0.03487075928917606 0.2240106951871657
8 0.6274676898222941 0.5535294117647058 0.023691437802907948 0.22465240641711232
8 0.6369466882067851 0.532139037433155 0.01746365105008078 0.18903743315508026
7 0.46868739903069456 0.5219518716577539 0.03441841680129242 0.08919786096256681
8 0.03644991922455573 0.6485828877005347 0.046583198707592886 0.34561497326203205
1 0.5038812600969305 0.4843983957219251 0.010912762520193854 0.030935828877005328
1 0.0863004846526656 0.7921390374331551 0.058562197092084003 0.336096256684492