7 0.22593954248366013 0.745891891891892 0.2604901960784314 0.500972972972973
8 0.5309967320261438 0.5359054054054054 0.04465686274509802 0.24878378378378382
0 0.8033496732026143 0.46310810810810815 0.044166666666666715 0.12491891891891892
8 0.3397753267973856 0.5627702702702703 0.041397058823529426 0.29008108108108105
0 0.7599714052287581 0.47635135135135137 0.025367647058823585 0.15086486486486483
8 0.12007761437908496 0.5805 0.019877450980392144 0.20218918918918918
8 0.1071078431372549 0.5913378378378379 0.026143790849673203 0.19748648648648662
0 0.2941666666666667 0.5742972972972973 0.08173202614379083 0.25054054054054054
8 0.07096813725490198 0.6007972972972973 0.034583333333333334 0.2093783783783783
8 0.02395424836601307 0.6041351351351352 0.03839869281045752 0.262918918918919
8 0.15801470588235297 0.5688243243243243 0.02668300653594771 0.2541891891891892
7 0.9551715686274511 0.46418918918918917 0.08802287581699347 0.10908108108108112
7 0.3884395424836602 0.48608108108108106 0.024575163398692798 0.060486486486486475
1 0.617577614379085 0.44868918918918915 0.006740196078431373 0.06397297297297294
1 0.6356290849673203 0.4653648648648649 0.005898692810457538 0.05840540540540544