7 0.10020128824476651 0.69428 0.20040257648953302 0.49309333333333333
7 0.09053140096618358 0.6166533333333334 0.18106280193236715 0.32946666666666663
7 0.14656602254428341 0.5875333333333334 0.2533091787439613 0.27858666666666665
7 0.20576086956521739 0.5653866666666666 0.12665861513687598 0.23957333333333333
7 0.278780193236715 0.56148 0.17859098228663445 0.19394666666666663
6 0.2894162640901772 0.47813333333333335 0.19920289855072465 0.31317333333333336
7 0.6030515297906602 0.58896 0.0958454106280193 0.21461333333333338
7 0.6792471819645732 0.5391466666666667 0.10842995169082131 0.1464533333333333
7 0.5167109500805153 0.4817199999999999 0.018510466988727867 0.04573333333333335
2 0.7635144927536233 0.7645066666666667 0.12456521739130447 0.46565333333333336
1 0.4056763285024155 0.4876133333333333 0.08138486312399354 0.08066666666666666
1 0.46481078904991957 0.4584533333333334 0.052037037037037034 0.03343999999999998
1 0.5771980676328502 0.48203999999999997 0.06880837359098231 0.05288000000000003