7 0.4182715551974215 0.5100664893617021 0.016849315068493124 0.04656914893617019
7 0.4473408541498791 0.5472872340425532 0.049766317485898465 0.14824468085106385
7 0.3581829170024174 0.5623936170212767 0.06176470588235292 0.16941489361702125
7 0.14160354552780016 0.6192553191489361 0.15476228847703466 0.2323936170212765
7 0.06855761482675261 0.5980585106382978 0.13711522965350523 0.19276595744680855
7 0.26666398066075747 0.5510771276595744 0.06054794520547944 0.11795212765957445
6 0.1637026591458501 0.5294813829787234 0.08951651893634165 0.16289893617021275
7 0.30275584206285255 0.5316223404255319 0.040177276390008024 0.08526595744680844
7 0.2362248186946011 0.5335904255319149 0.04315068493150686 0.07776595744680853
6 0.3392143432715552 0.49252659574468083 0.02941982272361003 0.10409574468085103
2 0.37816680096696215 0.4848005319148936 0.033432715551974225 0.12172872340425527