8 0.6103271405492731 0.6468850267379679 0.04819870759289173 0.4460160427807486
8 0.6821647819063005 0.6206016042780749 0.050080775444264945 0.44467914438502676
8 0.2134612277867528 0.5995187165775401 0.040654281098546054 0.3153475935828877
8 0.5181583198707593 0.5416577540106953 0.018578352180936994 0.20336898395721925
8 0.6449273021001615 0.5671390374331551 0.03796445880452343 0.30497326203208547
8 0.930080775444265 0.6276871657754011 0.09935379644588045 0.5146791443850267
8 0.9116760904684975 0.5789973262032087 0.04873182552504033 0.4008823529411764
8 0.3079806138933764 0.5868716577540107 0.03284329563812603 0.27620320855614966
2 0.2862681744749596 0.6558957219251337 0.04962843295638126 0.18831550802139033
8 0.28216478190630045 0.5860828877005347 0.025315024232633307 0.28596256684491983
8 0.9054442649434572 0.5618582887700535 0.09080775444264949 0.39098930481283417
7 0.44026655896607425 0.4875 0.034329563812600966 0.11467914438502677
7 0.3547092084006462 0.5066176470588236 0.07512116316639741 0.20328877005347593
6 0.38373990306946687 0.49645721925133696 0.04735056542810986 0.1528609625668449
1 0.5646486268174475 0.5403877005347594 0.05037964458804524 0.13066844919786097