8 0.5409313725490196 0.46327027027027035 0.01715686274509804 0.16443243243243244
8 0.24394607843137253 0.5367297297297298 0.029411764705882353 0.3270810810810811
8 0.4737867647058823 0.5580675675675676 0.025057189542483628 0.26164864864864856
8 0.5016952614379085 0.5489999999999999 0.03731209150326794 0.2792972972972973
8 0.6105351307189543 0.5222702702702703 0.03376633986928108 0.2632972972972973
8 0.4453921568627451 0.49948648648648647 0.02287581699346405 0.23032432432432431
8 0.42864787581699343 0.4870405405405405 0.019060457516339904 0.21018918918918922
8 0.39932598039215683 0.4871621621621622 0.019877450980392144 0.22437837837837832
8 0.37232026143790853 0.49075675675675673 0.02315359477124181 0.22935135135135132
8 0.46554738562091497 0.4526621621621622 0.014428104575163372 0.14602702702702702
8 0.5123529411764706 0.45775675675675676 0.0196078431372549 0.14443243243243242
8 0.3336683006535948 0.46554054054054056 0.017973856209150325 0.1661621621621622
6 0.10946078431372548 0.49864864864864866 0.21892156862745096 0.9972972972972973
1 0.2863194444444444 0.47924324324324324 0.04788398692810459 0.19172972972972974
1 0.8121650326797385 0.38341891891891894 0.37240196078431376 0.10008108108108109