8 0.037095588235294116 0.5906081081081082 0.07419117647058823 0.3683513513513514
8 0.021642156862745097 0.574527027027027 0.043284313725490194 0.36051351351351346
0 0.6690849673202615 0.5571351351351351 0.04204248366013075 0.30302702702702694
8 0.5079411764705882 0.5617297297297298 0.027287581699346388 0.22097297297297294
2 0.41160947712418294 0.518635135135135 0.02387254901960782 0.16256756756756757
0 0.3897467320261438 0.5072837837837838 0.024705882352941185 0.1429459459459459
8 0.6544321895424836 0.49917567567567567 0.018031045751633935 0.17045945945945945
8 0.5516013071895426 0.4758783783783784 0.01173202614379086 0.10354054054054054
8 0.524187091503268 0.4872702702702703 0.008799019607843123 0.10308108108108112
8 0.5378063725490196 0.4830135135135135 0.00948529411764707 0.10321621621621621
8 0.5822549019607843 0.4686891891891892 0.010735294117647048 0.10229729729729728
8 0.5935294117647059 0.46604054054054056 0.009967320261437946 0.11045945945945947
1 0.4529983660130719 0.4597972972972973 0.0336111111111111 0.036189189189189154