7 0.0755072463768116 0.7721733333333334 0.1510144927536232 0.45032
7 0.31979468599033817 0.67276 0.1337278582930757 0.3094133333333333
7 0.1726972624798712 0.6992666666666667 0.18914653784219002 0.33618666666666663
0 0.7250885668276972 0.6716933333333334 0.13536231884057973 0.3670666666666666
0 0.8147262479871176 0.7236133333333333 0.16405797101449274 0.47186666666666666
8 0.021747181964573266 0.6525733333333332 0.03489533011272142 0.35463999999999996
7 0.4141908212560386 0.5554 0.04657809983896942 0.13037333333333329
7 0.44137681159420294 0.5290266666666666 0.025829307568438035 0.07688000000000003
6 0.4506199677938809 0.5018533333333333 0.0216908212560386 0.08327999999999998
7 0.5566304347826088 0.5376000000000001 0.08184380032206118 0.10672000000000002
7 0.5246054750402576 0.5126 0.05487922705314007 0.07581333333333336
6 0.4611513687600644 0.4924666666666667 0.016167471819645673 0.05352000000000006
6 0.3836876006441224 0.567 0.079597423510467 0.23128000000000004