7 0.10516505636070854 0.78232 0.21033011272141708 0.43002666666666667
7 0.19221014492753621 0.7932666666666667 0.27372785829307567 0.40813333333333335
7 0.7269967793880838 0.7356133333333333 0.2501288244766505 0.4825333333333333
7 0.775012077294686 0.5314266666666666 0.18274557165861507 0.18349333333333334
7 0.38147745571658614 0.55648 0.06456521739130434 0.14949333333333334
7 0.571916264090177 0.5518666666666666 0.05876006441223825 0.14917333333333332
6 0.3987761674718196 0.5148133333333333 0.053252818035426766 0.1654666666666667
7 0.5527536231884058 0.5356799999999999 0.05093397745571658 0.12037333333333329
6 0.29335346215781 0.48432000000000003 0.12667471819645731 0.15461333333333338
6 0.49109500805152984 0.47650666666666663 0.01995169082125611 0.07050666666666666
6 0.6276610305958132 0.45185333333333333 0.08140901771336555 0.10472000000000002
1 0.4576771336553945 0.47510666666666673 0.0142914653784219 0.04456000000000002
1 0.5281320450885669 0.45012 0.01764895330112718 0.08343999999999997