7 0.08034621578099839 0.7053999999999999 0.16069243156199678 0.37901333333333326
7 0.1730354267310789 0.6449733333333334 0.23268921095008052 0.28040000000000004
7 0.24259661835748794 0.6116133333333333 0.19053945249597423 0.24487999999999996
7 0.2708333333333333 0.5856533333333334 0.13863929146537846 0.2184533333333333
7 0.2921980676328502 0.56952 0.15966183574879228 0.19056000000000003
7 0.2977294685990338 0.5552666666666667 0.10861513687600646 0.15768
7 0.3324033816425121 0.5476933333333333 0.10572463768115942 0.13586666666666672
7 0.33805555555555555 0.5444533333333333 0.10995974235104669 0.1255466666666667
7 0.3654428341384863 0.5279333333333334 0.08151368760064413 0.11234666666666665
7 0.37302334943639287 0.5088933333333333 0.08471014492753622 0.12957333333333335
0 0.4607971014492753 0.5037733333333334 0.007648953301127214 0.06376
7 0.6033373590982287 0.5952933333333333 0.07971819645732689 0.19879999999999995
7 0.6753502415458937 0.5481733333333333 0.12541867954911431 0.16584
7 0.592914653784219 0.5126933333333333 0.06697262479871181 0.09882666666666667
7 0.5240660225442834 0.51352 0.02320450885668272 0.05834666666666666
1 0.432938808373591 0.5014933333333333 0.040289855072463736 0.05845333333333338
1 0.49253220611916254 0.49166666666666664 0.0432125603864734 0.049039999999999966