7 0.5256446414182112 0.5140292553191489 0.021958098307816278 0.05773936170212768
7 0.2575181305398872 0.6575398936170213 0.1645447219983884 0.33130319148936166
7 0.07352135374697824 0.6651728723404255 0.14704270749395648 0.3215691489361702
6 0.19942788074133763 0.5609574468085107 0.1095890410958904 0.226436170212766
7 0.8777074939564868 0.7413164893617021 0.24297340854149876 0.5120478723404255
7 0.38043916196615635 0.5582180851063829 0.06031426269137794 0.12962765957446803
6 0.29113215149073324 0.5324468085106383 0.08323126510878326 0.16117021276595744
7 0.41191780821917806 0.5389228723404255 0.04067687348912165 0.09603723404255315
7 0.4958340048348106 0.5277260638297873 0.031555197421434304 0.09779255319148938
7 0.3509226430298147 0.5305452127659575 0.04545527800161158 0.08795212765957452
7 0.43697421434327155 0.515904255319149 0.01955680902497984 0.05750000000000001
6 0.37221595487510073 0.5081382978723404 0.0360515713134569 0.09069148936170218
2 0.4821716357775987 0.4820079787234043 0.02295729250604352 0.0901329787234043