7 0.5063888888888889 0.7153200000000001 0.1785104669887278 0.5604
7 0.3201288244766506 0.5201066666666666 0.03219001610305955 0.05333333333333334
7 0.2851811594202899 0.5283599999999999 0.03187600644122386 0.054320000000000014
7 0.35747584541062805 0.5100533333333332 0.031135265700483104 0.0535466666666667
7 0.8183776167471819 0.5240933333333333 0.11095813204508852 0.11751999999999999
6 0.010088566827697262 0.5707733333333334 0.020177133655394523 0.1106133333333333
7 0.7099718196457327 0.5502 0.14950885668276967 0.1672266666666667
7 0.31551127214170693 0.56952 0.11598228663446056 0.14703999999999998
7 0.8815136876006442 0.5073333333333333 0.09111111111111117 0.09664000000000002
1 0.14777777777777779 0.5279066666666666 0.028550724637681164 0.039013333333333323
1 0.3964573268921095 0.49176 0.017648953301127226 0.038986666666666676