7 0.8486191626409019 0.7308133333333333 0.3011513687600644 0.53304
7 0.07154186795491144 0.68472 0.14308373590982287 0.5606933333333333
7 0.11067230273752014 0.65672 0.22134460547504028 0.3033066666666666
7 0.22342995169082125 0.6187066666666666 0.19162640901771336 0.2346933333333333
7 0.27739130434782605 0.5922933333333333 0.16241545893719805 0.21119999999999997
7 0.29448872785829305 0.57452 0.12142512077294686 0.19319999999999998
7 0.31188003220611915 0.5557466666666667 0.1424718196457327 0.17106666666666662
7 0.34489533011272144 0.5382533333333334 0.09648953301127212 0.12471999999999996
7 0.3806602254428341 0.5034 0.07946859903381642 0.12194666666666663
0 0.4631843800322061 0.5000933333333334 0.0071900161030596325 0.060400000000000016
7 0.5905515297906602 0.57884 0.06815619967793879 0.17325333333333334
7 0.6589371980676328 0.53736 0.11312399355877617 0.1509333333333333
7 0.588280998389694 0.5041333333333333 0.06334138486312406 0.09359999999999999
7 0.5230112721417068 0.50464 0.02225442834138485 0.05578666666666663
1 0.4350322061191626 0.5001066666666667 0.04112721417069246 0.06677333333333331
1 0.5008695652173912 0.48068 0.031900161030595814 0.04456000000000002