6 0.6844967793880837 0.54308 0.2291384863123994 0.6698933333333332
7 0.0992109500805153 0.65084 0.1984219001610306 0.3486133333333334
7 0.17754428341384865 0.6055466666666667 0.23676328502415458 0.2909333333333333
7 0.22871980676328502 0.5912133333333333 0.2033816425120773 0.22231999999999993
7 0.3151529790660225 0.55744 0.13674718196457325 0.15808
7 0.372890499194847 0.5253333333333333 0.09252818035426733 0.10416
6 0.37136473429951694 0.48889333333333335 0.11252012882447665 0.18018666666666666
7 0.5472866344605475 0.5375866666666667 0.04256038647342996 0.10605333333333329
1 0.43545491143317233 0.4917733333333333 0.03358293075684383 0.055653333333333346
1 0.4794806763285024 0.4806666666666667 0.026030595813204452 0.038986666666666676
1 0.5054830917874396 0.4862266666666666 0.0209983896940419 0.04456000000000002