7 0.4961321514907333 0.5610505319148936 0.06433521353746981 0.19337765957446812
7 0.14151893634165996 0.6185106382978723 0.16316680096696212 0.22856382978723397
7 0.2851450443190975 0.6274335106382979 0.13842868654311036 0.2833776595744681
7 0.3772844480257857 0.547686170212766 0.054004834810636615 0.11803191489361702
7 0.40964947622884773 0.5224202127659575 0.040153102336825126 0.09058510638297873
2 0.42765108783239325 0.45930851063829786 0.04883964544721995 0.16776595744680856
2 0.4530942788074133 0.4588164893617021 0.021466559226430287 0.09859042553191495
7 0.1515551974214343 0.5670744680851064 0.1163416599516519 0.1501063829787234
7 0.22734891216760675 0.54 0.0665269943593876 0.10765957446808508
6 0.3419016921837228 0.4976063829787234 0.03437550362610795 0.07877659574468086
7 0.5266317485898468 0.499281914893617 0.01619661563255441 0.03957446808510637