7 0.4896376811594203 0.5318799999999999 0.04504025764895334 0.12125333333333332
7 0.16359098228663446 0.7655333333333333 0.3271819645732689 0.4636
7 0.05843800322061191 0.76952 0.11687600644122383 0.4556266666666667
7 0.135841384863124 0.6831200000000001 0.1715378421900161 0.33242666666666665
7 0.2920088566827697 0.57324 0.1116022544283414 0.17346666666666669
7 0.3198953301127214 0.55 0.10198067632850238 0.16112000000000004
7 0.358756038647343 0.5316666666666666 0.07472624798711755 0.1012533333333334
7 0.4392391304347827 0.5312933333333334 0.040925925925925956 0.09789333333333336
7 0.3961352657004831 0.5059333333333333 0.06392914653784222 0.0825333333333333
7 0.5774436392914654 0.5585333333333333 0.06453301127214169 0.15605333333333335
5 0.5635185185185185 0.4441466666666667 0.06705314009661834 0.25911999999999996
8 0.6248027375201288 0.5124 0.012616747181964632 0.14821333333333328
7 0.05351851851851852 0.57268 0.10703703703703704 0.15512000000000004
7 0.4913526570048309 0.50864 0.02871175523349443 0.08677333333333331
7 0.232938808373591 0.5144933333333334 0.05557165861513686 0.08749333333333334
1 0.4455193236714976 0.4570533333333333 0.026867954911433175 0.04178666666666663