7 0.08230676328502415 0.7316400000000001 0.1646135265700483 0.50568
7 0.12443639291465379 0.6425599999999999 0.24887278582930758 0.3856
7 0.1710950080515298 0.6154933333333333 0.1849436392914654 0.27002666666666664
7 0.26957729468599034 0.5577066666666667 0.15828502415458937 0.18709333333333333
7 0.32393317230273755 0.5288933333333333 0.11438808373590982 0.17458666666666667
7 0.5824436392914654 0.5744533333333334 0.06970209339774552 0.1692266666666667
7 0.8000040257648954 0.7536266666666667 0.3214895330112721 0.4874133333333333
7 0.5468397745571658 0.5262133333333333 0.04126409017713366 0.11653333333333338
7 0.3646900161030596 0.5290266666666666 0.09063607085346215 0.10925333333333333
1 0.43628824476650563 0.49317333333333335 0.08054750402576487 0.06954666666666662
1 0.5059057971014493 0.49732000000000004 0.04532206119162638 0.08343999999999997