7 0.866123188405797 0.7395066666666666 0.26614331723027373 0.5156533333333333
7 0.03797504025764895 0.8012800000000001 0.0759500805152979 0.39210666666666666
7 0.21644122383252817 0.6240800000000001 0.1562962962962963 0.29770666666666673
7 0.4325201288244767 0.51532 0.03458937198067626 0.07528000000000006
7 0.30138486312399354 0.5704133333333333 0.08703703703703705 0.17533333333333334
7 0.3652133655394525 0.5417733333333333 0.046819645732689236 0.09784
7 0.5192552334943639 0.494 0.020636070853462155 0.05957333333333327
7 0.5941143317230274 0.47594666666666674 0.06360708534621579 0.0657066666666667
6 0.7250040257648953 0.43887999999999994 0.061360708534621514 0.07541333333333333
1 0.9152495974235104 0.46816 0.16624798711755234 0.13066666666666665
1 0.4748711755233494 0.47232 0.010096618357487893 0.03343999999999998
1 0.40652173913043477 0.50984 0.027713365539452507 0.06954666666666662
1 0.6585466988727858 0.4459466666666667 0.05371175523349439 0.0584533333333333
1 0.5545450885668277 0.46957333333333334 0.04532206119162638 0.055679999999999986