7 0.8621980676328501 0.7056000000000001 0.27399355877616743 0.5834666666666667
7 0.13698470209339775 0.6358933333333333 0.2739694041867955 0.4357866666666667
7 0.08204106280193237 0.7436400000000001 0.16408212560386473 0.5006133333333334
7 0.7187962962962962 0.74048 0.21591787439613525 0.45066666666666666
7 0.16804347826086954 0.6187066666666667 0.21555555555555558 0.3294666666666667
7 0.2346739130434783 0.6206133333333334 0.17422705314009662 0.23893333333333325
7 0.25767310789049924 0.5954933333333333 0.175024154589372 0.21520000000000006
7 0.33582930756843804 0.5657066666666666 0.10892109500805155 0.13210666666666665
7 0.36522141706924316 0.5399466666666667 0.0846618357487923 0.13125333333333333
7 0.557644927536232 0.5684933333333333 0.04699677938808374 0.12216
7 0.6238083735909823 0.6403066666666667 0.10727858293075686 0.26247999999999994
7 0.5363808373590981 0.54104 0.03218196457326885 0.09450666666666674
1 0.435036231884058 0.5181733333333334 0.09313204508856679 0.07512000000000005
1 0.4991908212560386 0.5015066666666667 0.026867954911433175 0.04178666666666671