7 0.84920692431562 0.72532 0.29997584541062805 0.5440266666666667
7 0.6876771336553945 0.63896 0.171634460547504 0.3438933333333333
7 0.6030877616747182 0.5676 0.07219806763285021 0.19082666666666667
7 0.31644122383252815 0.59592 0.07674718196457327 0.16597333333333336
7 0.4059259259259259 0.5314 0.02737520128824472 0.06797333333333336
7 0.5270169082125604 0.5055466666666666 0.024919484702093344 0.06581333333333328
7 0.416207729468599 0.5247733333333334 0.024911433172302735 0.05792
1 0.435036231884058 0.5029066666666667 0.024355877616747183 0.055679999999999986
1 0.4534863123993559 0.49176 0.02099838969404181 0.038986666666666676
1 0.47613123993558776 0.49596 0.026030595813204452 0.04178666666666663
1 0.5012962962962964 0.47928000000000004 0.017648953301127274 0.03621333333333337
1 0.5448993558776167 0.47094666666666674 0.026030595813204452 0.04178666666666663