7 0.4907045088566828 0.5411066666666667 0.04387278582930758 0.11826666666666664
7 0.14495169082125603 0.6986666666666667 0.26610305958132047 0.4234666666666666
7 0.33901771336553943 0.54108 0.12611916264090176 0.20216
7 0.36344202898550726 0.5252933333333334 0.08925120772946857 0.1757066666666667
7 0.40363526570048314 0.5097333333333334 0.0676731078904992 0.11312000000000004
6 0.5447262479871176 0.48675999999999997 0.044782608695652176 0.13997333333333337
7 0.4849396135265701 0.5157066666666666 0.027657004830917892 0.08357333333333335
6 0.2509339774557166 0.5936400000000001 0.21972624798711754 0.38397333333333333
5 0.13732286634460547 0.4680666666666667 0.16070048309178747 0.2691466666666667
1 0.9512520128824477 0.5473333333333333 0.013454106280193267 0.12789333333333328
1 0.4446779388083736 0.4876133333333334 0.03861513687600647 0.05288000000000003