7 0.8222705314009662 0.5465066666666667 0.11824476650563608 0.22032000000000002
7 0.7173107890499195 0.54676 0.08925925925925927 0.20471999999999996
7 0.2799074074074074 0.54676 0.04770531400966183 0.10013333333333337
7 0.43622785829307564 0.50876 0.07609500805152974 0.10855999999999995
7 0.1098792270531401 0.5458000000000001 0.036618357487922706 0.08504000000000005
7 0.23095410628019325 0.5102266666666667 0.019669887278582935 0.060133333333333365
6 0.582938808373591 0.6600666666666666 0.27181964573268913 0.5412533333333334
7 0.3917552334943639 0.6118399999999999 0.10512077294685995 0.19498666666666667
1 0.13771336553945251 0.5278933333333333 0.018486312399355883 0.061226666666666686
1 0.17838969404186797 0.5070533333333332 0.04784219001610307 0.05288000000000003
1 0.9223711755233495 0.49038666666666664 0.15198872785829307 0.18621333333333337
1 0.03650161030595813 0.7320666666666666 0.07300322061191626 0.37512000000000006