7 0.8398993558776168 0.7324533333333334 0.3185909822866345 0.52976
7 0.14164653784219003 0.7448 0.28329307568438006 0.5050666666666667
7 0.6780877616747182 0.6527066666666667 0.17105475040257642 0.33736
6 0.5922101449275362 0.47624 0.11073268921095006 0.35717333333333334
7 0.5548913043478261 0.5263733333333332 0.04701288244766504 0.1464
7 0.545817230273752 0.5218266666666667 0.04121578099838974 0.10738666666666662
7 0.520438808373591 0.5186666666666667 0.028059581320450812 0.07376000000000006
7 0.40981884057971013 0.5352933333333334 0.02744766505636069 0.06610666666666665
7 0.5018558776167472 0.5072133333333333 0.03216586151368755 0.07304000000000004
7 0.47678743961352654 0.51408 0.023735909822866358 0.05103999999999996
1 0.4451006441223833 0.5015066666666667 0.0142914653784219 0.04733333333333333
1 0.3863888888888889 0.51124 0.026030595813204497 0.039013333333333323