0 0.8598148148148147 0.56724 0.08972624798711751 0.39618666666666663
8 0.8814371980676328 0.5547466666666667 0.03535426731078912 0.29184
8 0.9265297906602254 0.5474666666666667 0.05811594202898537 0.2962133333333333
2 0.9018558776167472 0.60136 0.04910628019323672 0.1651733333333334
0 0.6517351046698873 0.5030533333333334 0.016272141706924252 0.12183999999999999
1 0.3998067632850242 0.4806666666666667 0.01764895330112718 0.022346666666666654
1 0.4492954911433173 0.47650666666666663 0.01261674718196454 0.02512000000000004
1 0.4950040257648954 0.4778933333333333 0.021843800322061187 0.027893333333333353
1 0.5306441223832528 0.47789333333333334 0.01932367149758454 0.022346666666666654
1 0.6790942028985507 0.45149333333333336 0.2541626409017713 0.030666666666666665
1 0.7336111111111111 0.50984 0.14512882447665057 0.064
1 0.9538848631239935 0.48484 0.08909017713365529 0.10845333333333337