7 0.8674476650563606 0.72948 0.26349436392914655 0.5357066666666667
7 0.048433977455716586 0.6966000000000001 0.09686795491143317 0.6014666666666667
7 0.09698067632850242 0.6783733333333334 0.19396135265700484 0.33680000000000004
7 0.20037037037037037 0.6306933333333333 0.21020933977455716 0.2555200000000001
7 0.26122785829307565 0.6012666666666666 0.1753703703703704 0.22680000000000003
7 0.283365539452496 0.5797466666666667 0.12946859903381638 0.20504000000000003
7 0.3025563607085346 0.5622666666666667 0.1505877616747182 0.18026666666666666
7 0.3060265700483092 0.5517866666666668 0.10300322061191627 0.15008
7 0.3389049919484702 0.5427733333333333 0.10090177133655394 0.13002666666666665
7 0.37008856682769725 0.52756 0.07864734299516908 0.10866666666666666
7 0.37695652173913047 0.5060666666666667 0.08201288244766507 0.12568
0 0.46202093397745564 0.50188 0.007407407407407352 0.06205333333333336
7 0.5965418679549114 0.5865333333333334 0.07350241545893717 0.18517333333333333
7 0.6667592592592593 0.5425066666666667 0.11896135265700483 0.15802666666666665
7 0.5905394524959743 0.5082933333333334 0.06510466988727859 0.09615999999999993
7 0.5235305958132045 0.5090533333333332 0.022713365539452524 0.056933333333333315
1 0.4270652173913043 0.5056533333333334 0.052037037037037034 0.06677333333333331
1 0.4899718196457327 0.4806666666666667 0.04532206119162647 0.03344000000000005