8 0.5189095315024232 0.6270454545454545 0.04604200323101777 0.39237967914438504
8 0.5665468497576737 0.6084090909090909 0.04630856219709203 0.39863636363636357
8 0.21425282714054927 0.6373930481283422 0.04819870759289175 0.428048128342246
0 0.2525 0.7083422459893048 0.11352988691437804 0.5779679144385027
0 0.3711510500807755 0.5900133689839573 0.055323101777059784 0.2865508021390374
0 0.37428513731825525 0.5536497326203208 0.03147819063004849 0.22243315508021388
8 0.5944588045234249 0.5231016042780748 0.013731825525040387 0.1767379679144385
7 0.40528675282714055 0.4970320855614973 0.03352988691437802 0.1008021390374332
1 0.44716478190630043 0.473716577540107 0.013457189014539555 0.052887700534759365
1 0.02015751211631664 0.6167780748663102 0.04031502423263328 0.316764705882353
1 0.059527463651050085 0.5697192513368984 0.024208400646203557 0.2187967914438503