7 0.056525764895330115 0.7440666666666667 0.11305152979066023 0.5065333333333333
7 0.5281964573268921 0.5231333333333333 0.030579710144927552 0.07266666666666667
7 0.3733011272141707 0.5274800000000001 0.08515297906602254 0.10253333333333331
7 0.6387318840579711 0.5532 0.10844605475040253 0.13327999999999998
7 0.27903381642512076 0.5598799999999999 0.15315619967793884 0.20557333333333333
7 0.2580032206119163 0.5849066666666667 0.18247987117552333 0.20319999999999996
7 0.23185990338164253 0.6162933333333334 0.20235104669887277 0.24144
7 0.15547906602254427 0.6417066666666666 0.23242351046698875 0.29034666666666664
7 0.12251610305958131 0.7043733333333333 0.24503220611916263 0.40613333333333335
7 0.7732850241545894 0.6121066666666667 0.1844605475040258 0.2448533333333333
7 0.8369122383252817 0.64684 0.2288325281803542 0.27447999999999995
1 0.4572584541062802 0.49317333333333335 0.11577294685990336 0.05845333333333338