7 0.30494766505636073 0.6801333333333334 0.15851046698872787 0.37232000000000004
7 0.3915901771336554 0.5822533333333333 0.06797906602254433 0.1817866666666667
6 0.41902576489533017 0.5038933333333333 0.05367149758454104 0.18133333333333335
7 0.6353703703703704 0.5654666666666667 0.1708051529790661 0.21818666666666672
7 0.6007528180354267 0.5489333333333334 0.1300402576489533 0.14906666666666668
7 0.5508695652173914 0.5189600000000001 0.08458937198067637 0.11647999999999994
6 0.4443397745571659 0.50044 0.03380032206119164 0.10216
2 0.832999194847021 0.67576 0.17029790660225433 0.3162133333333333
2 0.7538526570048308 0.63528 0.10105475040257648 0.2449066666666666
7 0.5129790660225443 0.50508 0.023075684380032272 0.06754666666666663
6 0.14124798711755235 0.6110933333333334 0.2824959742351047 0.77248