8 0.55890522875817 0.46918918918918917 0.014705882352941176 0.1531891891891892
8 0.22524509803921566 0.5352162162162162 0.031862745098039214 0.32929729729729723
8 0.8085375816993465 0.6811756756756757 0.17929738562091516 0.6322432432432432
8 0.8903839869281045 0.6565 0.18982026143790853 0.6815945945945946
8 0.6377450980392158 0.6108378378378378 0.06290849673202614 0.4469189189189189
8 0.5785089869281046 0.6081486486486486 0.04711601307189539 0.43294594594594604
8 0.7095016339869281 0.6016351351351352 0.0533823529411765 0.44537837837837835
8 0.7667401960784314 0.6064594594594594 0.04357843137254895 0.42567567567567566
8 0.7964828431372549 0.553027027027027 0.03567810457516346 0.20951351351351347
8 0.4207679738562091 0.5971351351351352 0.0392156862745098 0.4185405405405406
8 0.44823120915032677 0.5911891891891892 0.024240196078431434 0.35097297297297303
8 0.4817156862745098 0.5683378378378379 0.035408496732026076 0.3834324324324325
8 0.5173856209150327 0.5867297297297297 0.02805555555555558 0.31464864864864867
8 0.5319607843137255 0.5531891891891892 0.03104575163398693 0.3376756756756756
8 0.40232843137254903 0.5105945945945947 0.02478758169934643 0.24832432432432439
8 0.46817810457516335 0.5110135135135134 0.022058823529411766 0.2282972972972973
8 0.49676062091503276 0.5071081081081081 0.02342320261437905 0.24756756756756756
8 0.5415563725490196 0.5000540540540541 0.03334150326797381 0.23410810810810811
6 0.10923202614379084 0.49864864864864866 0.21846405228758167 0.9972972972972973
1 0.27162990196078435 0.5125810810810811 0.052083333333333336 0.2806216216216216
1 0.35055964052287586 0.44452702702702707 0.013455882352941153 0.10008108108108109