8 0.5176534733441034 0.640066844919786 0.04422455573505654 0.4139304812834225
8 0.5692689822294023 0.6197192513368983 0.053303715670436194 0.42114973262032074
8 0.19857431340872372 0.6501069518716577 0.0685541195476575 0.44860962566844914
0 0.15963247172859452 0.7014438502673798 0.18963651050080774 0.591764705882353
0 0.3430533117932149 0.6245855614973262 0.07113085621970922 0.3494385026737968
0 0.36382875605815834 0.5663235294117647 0.03667205169628431 0.25147058823529406
8 0.6030896607431341 0.5330748663101604 0.01857027463651051 0.18593582887700533
7 0.40367528271405495 0.4992780748663102 0.034345718901453944 0.10304812834224597
1 0.44632067851373186 0.48483957219251334 0.018489499192245545 0.052887700534759365
1 0.30240710823909533 0.5223262032085562 0.012617124394184172 0.09454545454545459
1 0.03638933764135703 0.5931951871657755 0.04148626817447496 0.21938502673796786