7 0.49634057971014495 0.5262800000000001 0.034404186795491155 0.10776
7 0.0799597423510467 0.6161866666666667 0.1599194847020934 0.24538666666666661
7 0.739158615136876 0.6168266666666666 0.1698470209339775 0.33210666666666666
7 0.6895933977455717 0.5783200000000001 0.14733494363929148 0.2355733333333334
7 0.6283454106280193 0.5624666666666667 0.11572463768115944 0.17576
7 0.603792270531401 0.53708 0.09829307568438006 0.1611466666666667
7 0.595511272141707 0.5299733333333334 0.0902495974235104 0.1264533333333333
7 0.5807930756843801 0.5201733333333334 0.07999194847020936 0.11906666666666661
7 0.43326892109500803 0.5018133333333333 0.017262479871175566 0.04261333333333331
7 0.5393558776167472 0.4935466666666667 0.042801932367149825 0.05317333333333333
6 0.5305475040257649 0.4845333333333333 0.03747181964573275 0.055679999999999986
7 0.40597826086956523 0.4949466666666667 0.019347826086956545 0.04557333333333334
1 0.38261272141706926 0.4904 0.01345410628019322 0.030666666666666665
1 0.45306360708534615 0.4862133333333333 0.02519323671497591 0.03343999999999998