7 0.4680016116035455 0.5216755319148937 0.03292506043513297 0.09909574468085104
7 0.128058017727639 0.7475531914893616 0.256116035455278 0.4995744680851064
7 0.2836623690572119 0.6504521276595745 0.13356164383561644 0.27973404255319156
7 0.09877115229653506 0.644468085106383 0.19754230459307012 0.2780851063829788
7 0.0511361804995971 0.5981515957446809 0.1022723609991942 0.19172872340425526
7 0.21579371474617245 0.573590425531915 0.09690572119258664 0.16558510638297877
6 0.3093795326349718 0.5030585106382978 0.07717969379532633 0.20750000000000002
7 0.18703062046736504 0.5542287234042553 0.08474617244157936 0.1234574468085106
7 0.3398791297340854 0.5269946808510638 0.04198227236099917 0.08739361702127663
2 0.4172360999194198 0.49676861702127656 0.034746172441579376 0.11380319148936176
2 0.39364625302175665 0.49437499999999995 0.05946011281224816 0.19784574468085112
5 0.4324174053182917 0.4594281914893617 0.02572119258662375 0.12715425531914895
7 0.2609266720386785 0.5256914893617022 0.05002417405318295 0.09218085106382978