8 0.042455716586151375 0.50612 0.031256038647343 0.14813333333333328
8 0.3983695652173913 0.4815333333333333 0.0106682769726248 0.09874666666666666
7 0.3759903381642512 0.4695066666666667 0.044202898550724665 0.11224
7 0.4059138486312399 0.47476 0.04387278582930758 0.08344000000000006
7 0.448695652173913 0.47358666666666666 0.05194847020933976 0.07255999999999994
6 0.5664533011272141 0.45460000000000006 0.05150563607085348 0.09240000000000001
7 0.5881682769726247 0.46210666666666667 0.03868760064412235 0.06250666666666665
7 0.6213204508856683 0.4580666666666667 0.042157809983896954 0.0665333333333333
7 0.6470853462157811 0.46552 0.04822866344605473 0.052853333333333315
7 0.6700442834138486 0.4640933333333334 0.035756843800322034 0.05325333333333333
7 0.6900241545893719 0.46680000000000005 0.039629629629629654 0.050293333333333294
7 0.7115539452495975 0.46178666666666673 0.04655394524959737 0.052533333333333376
6 0.748780193236715 0.4457866666666667 0.04976650563607081 0.07343999999999998
7 0.7676247987117553 0.4546933333333333 0.04446054750402579 0.049973333333333356
7 0.7851932367149759 0.45541333333333334 0.039001610305958084 0.045760000000000065
1 0.38932367149758457 0.4431733333333333 0.24829307568438003 0.06954666666666662
1 0.8548349436392914 0.4348266666666667 0.08390499194847015 0.09178666666666671