7 0.5652215954875102 0.5476994680851064 0.05382755842062858 0.1290159574468085
7 0.514174053182917 0.5022739361702128 0.022046736502820317 0.057047872340425576
7 0.14962530217566478 0.7542021276595744 0.29925060435132955 0.48627659574468085
7 0.0671676067687349 0.6703191489361702 0.1343352135374698 0.3243617021276595
7 0.3582232070910556 0.5577127659574468 0.07212731668009668 0.16430851063829788
7 0.247232070910556 0.5591489361702128 0.08838839645447222 0.148031914893617
6 0.31472199838839643 0.5196808510638298 0.05007252215954874 0.12712765957446812
7 0.40667203867848517 0.5232579787234043 0.039097502014504466 0.0860904255319149
6 0.3579734085414988 0.5059574468085106 0.04506849315068494 0.09914893617021277
7 0.43164383561643843 0.5123404255319148 0.02246575342465753 0.06393617021276593
7 0.48459709911361804 0.5104787234042553 0.025358581788879956 0.0785638297872341
7 0.3877115229653505 0.5081382978723404 0.02884770346494763 0.061170212765957445
6 0.38777195809830783 0.49368351063829785 0.026728444802578577 0.0713031914893617