7 0.5750684380032206 0.5591866666666666 0.06557971014492757 0.16408
7 0.09820048309178744 0.80436 0.1964009661835749 0.38594666666666666
7 0.8606481481481482 0.55052 0.25214975845410625 0.23592
7 0.7894323671497585 0.4973733333333333 0.18715780998389697 0.24226666666666666
2 0.31265700483091785 0.6042933333333333 0.05838969404186794 0.10042666666666666
7 0.34500000000000003 0.56072 0.06083735909822866 0.14053333333333337
7 0.2222705314009662 0.65012 0.1345571658615137 0.24637333333333336
7 0.7028502415458938 0.5037466666666667 0.12763285024154597 0.14861333333333338
7 0.3905152979066022 0.5328 0.03806763285024157 0.08837333333333337
7 0.9447624798711755 0.45232 0.10886473429951694 0.12271999999999995
7 0.9042310789049918 0.44116 0.11029790660225444 0.09938666666666662
6 0.992487922705314 0.4326933333333333 0.013413848631240002 0.17306666666666667
1 0.42999999999999994 0.5112133333333333 0.057906602254428306 0.07789333333333336
1 0.4920652173913043 0.4779066666666667 0.012616747181964632 0.039013333333333323
1 0.5155515297906603 0.4876133333333334 0.026030595813204542 0.05288000000000003
1 0.5994243156199678 0.4695599999999999 0.042809983896940476 0.07789333333333336