7 0.060575684380032205 0.6486266666666667 0.12115136876006441 0.3360266666666667
7 0.08935990338164251 0.6350533333333332 0.17871980676328503 0.30386666666666673
7 0.19088566827697265 0.5755733333333333 0.09334943639291465 0.17024
7 0.24411030595813205 0.56068 0.12086151368760066 0.15319999999999998
7 0.3497906602254428 0.5258133333333334 0.041642512077294705 0.09808
7 0.36419887278582935 0.5150399999999999 0.038301127214170685 0.08138666666666669
8 0.3085869565217391 0.5542533333333334 0.01342190016103061 0.14248000000000002
8 0.30825281803542676 0.5730533333333333 0.010193236714975866 0.10093333333333332
1 0.39351851851851855 0.5056533333333334 0.031900161030595814 0.06677333333333331
1 0.4706763285024154 0.4862266666666666 0.018486312399355817 0.04456000000000002
1 0.5390338164251208 0.4848266666666667 0.04784219001610312 0.05845333333333338
1 0.822024959742351 0.46536 0.35272946859903387 0.19664000000000004