7 0.48178887993553593 0.5152260638297872 0.030088638195004055 0.09055851063829791
7 0.12010072522159548 0.7647340425531916 0.24020145044319097 0.46521276595744676
7 0.053585817888799354 0.6953324468085106 0.10717163577759871 0.35816489361702114
7 0.26360596293311844 0.574188829787234 0.09128928283642221 0.1558244680851064
7 0.3680821917808219 0.5953856382978724 0.08955680902497984 0.19007978723404262
7 0.3304834810636583 0.541875 0.05466559226430301 0.10561170212765959
7 0.4015471394037067 0.5368351063829787 0.04277195809830785 0.09122340425531918
6 0.43128525382755845 0.4782313829787234 0.03106365834004831 0.11752659574468084
7 0.07261482675261885 0.592313829787234 0.1452296535052377 0.19744680851063826
7 0.22937953263497182 0.5431117021276596 0.0685898468976632 0.10159574468085103
7 0.27815068493150685 0.5196143617021277 0.05317485898468977 0.0950265957446809