0 0.8588153594771242 0.5058378378378379 0.08580065359477132 0.2702162162162163
8 0.7988888888888889 0.4841621621621621 0.021241830065359478 0.1739459459459459
8 0.23225898692810454 0.6833648648648648 0.09177287581699345 0.6278648648648649
8 0.11763888888888889 0.671918918918919 0.09014705882352941 0.6507567567567567
8 0.19915441176470589 0.6484054054054054 0.09531862745098041 0.6977837837837838
8 0.6276674836601307 0.5403243243243243 0.02097222222222228 0.23951351351351344
0 0.7970710784313726 0.5071891891891892 0.07358660130718948 0.21048648648648646
8 0.8771486928104576 0.5299054054054054 0.035408496732026076 0.29759459459459464
8 0.8970465686274511 0.526108108108108 0.03703431372549032 0.3533513513513513
8 0.8834395424836601 0.5449459459459459 0.026143790849673203 0.28216216216216217
6 0.49238562091503274 0.4572702702702703 0.015408496732026156 0.0575675675675676
1 0.46265931372549024 0.4570135135135135 0.010939542483660119 0.036189189189189154