8 0.6430210016155088 0.7140240641711231 0.0706946688206786 0.5666042780748664
8 0.7041074313408723 0.7024866310160428 0.06399838449111463 0.5896791443850267
8 0.2142043618739903 0.7072192513368984 0.07307754442649436 0.5621925133689839
8 0.6767810985460421 0.5663502673796791 0.027520193861066185 0.2269786096256684
8 0.7484652665589661 0.5260695187165776 0.016510500807754486 0.17925133689839579
8 0.8471122778675282 0.6243716577540107 0.04721324717285949 0.389331550802139
7 0.4627705977382876 0.5143850267379679 0.04332794830371566 0.1290909090909091
6 0.5111995153473344 0.4955882352941176 0.020557350565428147 0.07566844919786099
1 0.3431017770597738 0.572312834224599 0.026882067851373162 0.21120320855614969
1 0.4119224555735057 0.5362165775401069 0.015137318255250456 0.12232620320855615
1 0.8917730210016154 0.5354679144385026 0.03863489499192258 0.17580213903743316
1 0.5961187399030695 0.5278877005347594 0.021009693053311785 0.09454545454545459