7 0.20020128824476652 0.5838666666666666 0.2078421900161031 0.30863999999999997
7 0.27126409017713365 0.5528533333333333 0.15893719806763285 0.20165333333333335
7 0.7019001610305958 0.46389333333333327 0.0676650563607085 0.13893333333333333
7 0.7477737520128824 0.47205333333333327 0.059847020933977396 0.0975466666666667
7 0.3207648953301127 0.5348133333333334 0.11954911433172304 0.13613333333333336
7 0.33334943639291464 0.5208266666666667 0.09128824476650563 0.12335999999999997
7 0.34955314009661836 0.5050399999999999 0.1064170692431562 0.1301333333333333
1 0.42077697262479874 0.47650666666666663 0.0763526570048309 0.09178666666666671
1 0.5008695652173912 0.45287999999999995 0.011771336553945253 0.06677333333333331
1 0.5407085346215781 0.45842666666666665 0.04784219001610303 0.07232000000000001
1 0.637584541062802 0.44872 0.04700483091787439 0.064