7 0.08474637681159419 0.7388533333333334 0.16949275362318839 0.48496000000000006
7 0.17780193236714975 0.59016 0.22925925925925927 0.33157333333333344
7 0.6935185185185184 0.7305466666666667 0.20418679549114332 0.4340533333333333
7 0.5727777777777777 0.56772 0.06743961352657005 0.18253333333333338
7 0.23952093397745572 0.6040666666666666 0.16545088566827698 0.21789333333333336
7 0.2956360708534621 0.5687466666666666 0.14315619967793883 0.16826666666666673
7 0.550780998389694 0.5488666666666666 0.04819645732689212 0.11336000000000006
7 0.533876811594203 0.5262933333333334 0.031763285024154535 0.09594666666666664
7 0.38282206119162643 0.5193866666666667 0.05567632850241549 0.10229333333333329
1 0.43713365539452503 0.51816 0.07719806763285024 0.09178666666666671
1 0.497097423510467 0.49316 0.034420289855072464 0.04178666666666671