7 0.3843423202614379 0.5495135135135135 0.07868464052287587 0.17756756756756753
0 0.7502941176470589 0.4657297297297297 0.055604575163398645 0.15843243243243244
0 0.6902410130718954 0.4667837837837837 0.044730392156862746 0.1376216216216216
8 0.44276552287581694 0.5066216216216216 0.02276960784313726 0.14097297297297295
0 0.5710539215686274 0.47629729729729725 0.030866013071895404 0.09491891891891893
8 0.34677287581699345 0.5107432432432433 0.017369281045751625 0.15418918918918922
8 0.21969362745098042 0.5370945945945946 0.0257434640522876 0.12218918918918921
8 0.2123529411764706 0.5415135135135135 0.02622549019607845 0.11756756756756757
0 0.2668341503267974 0.5396081081081081 0.05293300653594773 0.15797297297297294
8 0.29510620915032676 0.521972972972973 0.016633986928104586 0.12081081081081078
8 0.28913807189542484 0.5284864864864866 0.01863562091503268 0.1457297297297297
8 0.35532679738562095 0.5116486486486487 0.011421568627450996 0.15075675675675676
7 0.9035947712418301 0.439 0.09540849673202631 0.09205405405405406
1 0.8233047385620914 0.46117567567567563 0.08231209150326788 0.09451351351351352
1 0.5185008169934641 0.4584054054054054 0.02353758169934636 0.03340540540540537