7 0.5171698872785829 0.5555866666666667 0.05506441223832527 0.17181333333333335
7 0.951598228663446 0.7303733333333333 0.09519323671497586 0.53392
7 0.7145169082125604 0.6063733333333333 0.1674879227053141 0.2829866666666666
7 0.0321658615136876 0.62608 0.0643317230273752 0.30997333333333327
7 0.24254428341384865 0.61352 0.1572624798711755 0.22896000000000002
7 0.4467471819645733 0.5011733333333334 0.03658615136876011 0.08928000000000005
7 0.22433574879227053 0.5693466666666667 0.10889694041867955 0.15954666666666661
7 0.3633132045088567 0.52964 0.05897745571658615 0.08765333333333335
7 0.547999194847021 0.492 0.03598228663446059 0.06784
7 0.5706441223832528 0.47950666666666664 0.0187922705314009 0.04503999999999996
7 0.09319243156199679 0.5795466666666667 0.14210144927536233 0.16