8 0.9325969305331178 0.6671657754010696 0.13319063004846535 0.6603208556149732
8 0.5743376413570275 0.6732754010695188 0.05344103392568657 0.4625935828877005
8 0.105375605815832 0.6883957219251337 0.210751211631664 0.617860962566845
0 0.234656704361874 0.724385026737968 0.19902261712439417 0.5458823529411765
8 0.7787075928917608 0.5389171122994652 0.03361873990306947 0.3962299465240642
8 0.7987681744749596 0.5584224598930481 0.04766558966074313 0.3450802139037433
3 0.26485056542810986 0.7483957219251336 0.07226978998384494 0.34481283422459896
3 0.3433966074313409 0.6185828877005348 0.049765751211631674 0.18224598930481284
8 0.4073263327948304 0.5447326203208556 0.015444264943457239 0.17080213903743313
8 0.3927504038772213 0.5501470588235294 0.01509693053311793 0.16082887700534762
8 0.4617568659127625 0.545548128342246 0.016114701130856255 0.17195187165775402
8 0.47279886914378033 0.5197459893048129 0.012689822294022554 0.13189839572192516
8 0.4886025848142165 0.5395855614973262 0.014200323101777 0.16462566844919785
8 0.41110258481421647 0.5377941176470588 0.01609854604200319 0.16328877005347592
1 0.4312237479806139 0.5098395721925134 0.02521001615508888 0.0584491978609626
1 0.516813408723748 0.5251203208556149 0.036954765751211635 0.13344919786096257