7 0.6047141706924316 0.5876266666666667 0.08140901771336555 0.17615999999999993
7 0.903743961352657 0.54592 0.17565217391304344 0.2289066666666666
7 0.5779307568438002 0.5571066666666666 0.05286634460547501 0.13735999999999998
7 0.4083373590982287 0.54004 0.041537842190016126 0.09911999999999997
7 0.7763768115942029 0.5355733333333333 0.1309661835748792 0.13733333333333334
7 0.8382890499194847 0.5462800000000001 0.14632045088566828 0.16973333333333335
7 0.5479549114331722 0.5044266666666667 0.02123993558776167 0.06928000000000005
7 0.2569524959742351 0.5365333333333333 0.0757890499194847 0.08138666666666669
1 0.44300322061191627 0.5153866666666667 0.030225442834138458 0.10288000000000003
1 0.49458132045088565 0.489 0.05119162640901766 0.07234666666666666
1 0.021823671497584542 0.9209733333333333 0.043647342995169085 0.1473866666666666