7 0.2561352657004831 0.57928 0.11602254428341387 0.14495999999999995
7 0.30487520128824475 0.55264 0.08844605475040256 0.12453333333333338
7 0.323695652173913 0.5417466666666666 0.08127214170692432 0.11074666666666667
7 0.3500805152979066 0.5201333333333333 0.0759742351046699 0.10016000000000001
7 0.37787439613526574 0.5285599999999999 0.046650563607085346 0.07477333333333332
7 0.3905072463768116 0.5162 0.050177133655394474 0.059119999999999964
1 0.1595209339774557 0.55428 0.03190821256038647 0.18066666666666667
1 0.4811594202898551 0.4917733333333334 0.13003220611916264 0.08343999999999997
1 0.6438687600644122 0.4501066666666667 0.08306763285024152 0.06677333333333331
1 0.7369645732689211 0.4806666666666667 0.027713365539452462 0.15567999999999999
1 0.873329307568438 0.42232000000000003 0.25012077294685986 0.06677333333333331