7 0.5224114331723028 0.63612 0.10934782608695658 0.3420000000000001
7 0.8397302737520128 0.7203866666666666 0.24501610305958127 0.5538933333333333
7 0.6094484702093397 0.51984 0.08870370370370367 0.13024000000000002
7 0.5730515297906602 0.50568 0.05344605475040257 0.08645333333333338
7 0.5577214170692432 0.49808 0.05003220611916263 0.06655999999999994
7 0.047508051529790665 0.62976 0.09501610305958133 0.27280000000000004
7 0.17217793880837362 0.5912133333333333 0.1151610305958132 0.15943999999999997
7 0.32787842190016103 0.525 0.052665056360708555 0.0850933333333334
7 0.3537882447665056 0.50852 0.036304347826086936 0.08840000000000002
7 0.39103864734299515 0.49926666666666675 0.032463768115942024 0.060560000000000024
7 0.430901771336554 0.49234666666666665 0.030048309178744 0.044053333333333285
7 0.2441425120772947 0.5192 0.05590177133655395 0.08736000000000005