7 0.0460024154589372 0.8442533333333334 0.0920048309178744 0.30616
7 0.140865539452496 0.7765866666666668 0.281731078904992 0.44149333333333335
7 0.2969524959742352 0.6787466666666667 0.14306763285024154 0.29322666666666664
7 0.8093961352657004 0.7441866666666667 0.3544605475040259 0.5062933333333334
7 0.6452053140096619 0.6164666666666667 0.11789855072463765 0.2717066666666667
7 0.8734541062801932 0.4898266666666667 0.15513687600644127 0.2145333333333333
7 0.537548309178744 0.5231066666666666 0.039669887278582915 0.09197333333333335
7 0.4892552334943639 0.5202 0.03126409017713369 0.05810666666666665
7 0.4605998389694042 0.50772 0.034307568438003234 0.049466666666666624
0 0.39957729468599035 0.51248 0.01168276972624798 0.06394666666666664
1 0.5713204508856682 0.48344000000000004 0.0285507246376811 0.06677333333333331