7 0.17260064412238327 0.7600666666666666 0.3211433172302738 0.4745333333333333
8 0.6777576489533012 0.5218666666666666 0.021392914653784168 0.20362666666666662
7 0.6833212560386474 0.6180533333333332 0.11760869565217395 0.26069333333333333
7 0.6360346215780999 0.55812 0.07569243156199677 0.17016
7 0.39900966183574876 0.5783466666666667 0.07660225442834137 0.1733866666666666
7 0.4305958132045088 0.5464933333333334 0.04859903381642513 0.1257866666666667
7 0.6031964573268922 0.5444933333333334 0.05421900161030598 0.12818666666666664
7 0.45090982286634457 0.5307466666666667 0.039565217391304336 0.11194666666666672
7 0.4851207729468599 0.5179733333333334 0.038808373590982326 0.08479999999999996
7 0.555096618357488 0.5002666666666667 0.03967793880837366 0.06309333333333332
1 0.30922705314009663 0.49733333333333335 0.09144927536231888 0.07232000000000001
1 0.6367391304347826 0.44455999999999996 0.07215780998389694 0.06677333333333331