7 0.1186634460547504 0.7682666666666668 0.2373268921095008 0.45813333333333334
7 0.5804066022544283 0.5778266666666667 0.09366344605475034 0.2115466666666667
7 0.15787037037037036 0.7479066666666667 0.3157407407407407 0.4988533333333333
8 0.06034219001610305 0.6918000000000001 0.051714975845410634 0.5734666666666666
8 0.15214975845410628 0.6314 0.027842190016103045 0.4042933333333333
7 0.42669887278582935 0.5190533333333333 0.03914653784219002 0.11378666666666663
7 0.5342028985507247 0.52456 0.04764895330112726 0.11813333333333337
8 0.18463365539452495 0.6567200000000001 0.02780193236714976 0.4084266666666667
7 0.4414573268921095 0.5118666666666666 0.026280193236714964 0.06879999999999996
7 0.5116505636070854 0.4976266666666667 0.023961352657004824 0.08250666666666674
1 0.48116747181964575 0.47789333333333334 0.027713365539452556 0.08901333333333332
1 0.060132850241545896 0.68764 0.05622383252818034 0.6140533333333333