7 0.12487117552334943 0.7476666666666667 0.24974235104669887 0.4088266666666666
7 0.8812037037037036 0.7468133333333333 0.23598228663446058 0.5010399999999999
7 0.7237721417069243 0.6944933333333333 0.2064009661835748 0.43517333333333325
7 0.26739533011272143 0.6230800000000001 0.11060386473429952 0.2230666666666667
7 0.6010064412238325 0.5678666666666666 0.07713365539452502 0.16773333333333335
7 0.3574315619967794 0.56224 0.06740740740740743 0.13205333333333327
7 0.5723470209339775 0.5480666666666667 0.05759259259259257 0.12616
7 0.4068075684380032 0.51912 0.03134460547504026 0.08090666666666668
7 0.5479186795491143 0.52576 0.03804347826086957 0.09365333333333335
7 0.4453180354267311 0.49135999999999996 0.04185990338164252 0.04666666666666667
1 0.5788727858293076 0.43345333333333336 0.08222222222222222 0.11122666666666668