6 0.4024919484702093 0.50184 0.02772141706924316 0.09973333333333327
0 0.44349033816425126 0.5869733333333333 0.04345410628019317 0.26743999999999996
7 0.9364774557165861 0.7313066666666667 0.12543478260869562 0.5320533333333334
7 0.6806884057971014 0.7251200000000001 0.24456521739130435 0.4791466666666666
7 0.11074074074074074 0.7169200000000001 0.22148148148148147 0.37944000000000006
6 0.21603462157809983 0.6171333333333333 0.11975040257648954 0.26167999999999997
7 0.537721417069243 0.5757466666666666 0.09734299516908211 0.23831999999999995
7 0.497037037037037 0.5563066666666667 0.07289855072463775 0.16594666666666663
7 0.2648188405797101 0.5915066666666666 0.06707729468599034 0.1580533333333333
8 0.644891304347826 0.5362533333333334 0.0254991948470209 0.21976000000000007
7 0.2872222222222222 0.5606933333333333 0.04930756843800323 0.11722666666666669
7 0.4693800322061192 0.5397866666666667 0.04647342995169084 0.11413333333333328
1 0.32432367149758456 0.49593333333333334 0.10822866344605472 0.15287999999999996