8 0.7318053311793214 0.6805882352941177 0.08616316639741516 0.633475935828877
8 0.8433521809369952 0.5824197860962567 0.05896607431340863 0.5477272727272727
8 0.9916195476575121 0.5945320855614974 0.015145395799676898 0.5284224598930481
3 0.11933764135702747 0.8168582887700535 0.1455896607431341 0.36093582887700537
3 0.18861066235864296 0.812927807486631 0.1058319870759289 0.3687967914438503
3 0.3125605815831987 0.6607085561497327 0.06848142164781904 0.24970588235294122
3 0.21591276252019387 0.8135026737967914 0.1073828756058158 0.36764705882352944
8 0.4245153473344103 0.5471524064171123 0.019111470113085595 0.22708556149732623
8 0.40151857835218097 0.5467245989304813 0.02234248788368338 0.21526737967914436
8 0.4762035541195476 0.5267647058823529 0.01991922455573503 0.18898395721925135
8 0.49913570274636504 0.49886363636363634 0.01332794830371567 0.14066844919786092
8 0.5159854604200322 0.5245454545454545 0.014814216478190655 0.18171122994652408
8 0.5726696284329563 0.49620320855614974 0.01669628432956378 0.15925133689839574
7 0.45009693053311794 0.47921122994652404 0.024943457189014535 0.06451871657754009
8 0.39168820678513727 0.5265775401069519 0.03315024232633281 0.18208556149732627
8 0.5399919224555735 0.5154278074866311 0.013731825525040387 0.1627807486631016
1 0.031066235864297253 0.8014973262032086 0.062132471728594506 0.3862032085561498
1 0.22268578352180937 0.7014973262032086 0.15527463651050083 0.3084491978609626
1 0.3645072697899838 0.5848262032085562 0.0294022617124394 0.18066844919786093