7 0.9075644122383252 0.7419466666666668 0.1832608695652174 0.5107733333333333
7 0.36390901771336553 0.6400133333333333 0.15707729468599033 0.29058666666666666
8 0.7001690821256038 0.5082666666666668 0.016215780998389683 0.16426666666666664
7 0.7030917874396135 0.5729066666666667 0.08632850241545896 0.19584
7 0.6760426731078905 0.5448266666666667 0.06297101449275365 0.14
7 0.4805152979066022 0.5462 0.06159420289855073 0.13752000000000006
7 0.5034420289855073 0.5291333333333333 0.043438003220611955 0.10530666666666662
7 0.6540136876006442 0.5308533333333333 0.04459742351046698 0.11216000000000001
7 0.5519122383252818 0.5060133333333333 0.035000000000000024 0.07677333333333332
1 0.6153582930756845 0.4820533333333333 0.042809983896940386 0.09178666666666663
1 0.1335185185185185 0.5167866666666667 0.04867954911433173 0.04456000000000002
1 0.6677737520128825 0.4612266666666667 0.05371175523349439 0.055679999999999986
1 0.7289975845410628 0.46401333333333333 0.04197262479871175 0.04456000000000002