7 0.4323913043478261 0.5518933333333332 0.02193236714975846 0.06629333333333329
6 0.47447665056360705 0.5400666666666667 0.027616747181964628 0.08914666666666668
4 0.3465257648953301 0.5058933333333333 0.06944444444444445 0.12613333333333338
1 0.16329710144927537 0.53344 0.042809983896940434 0.10010666666666665
1 0.23584541062801928 0.5126133333333333 0.02016103059581322 0.064
1 0.40232286634460546 0.51676 0.042809983896940386 0.08898666666666667
1 0.5310144927536232 0.5035333333333333 0.03397745571658619 0.04583999999999999
1 0.8243558776167471 0.54412 0.01570048309178735 0.051119999999999964
1 0.5660668276972626 0.5094533333333334 0.028880837359098233 0.031279999999999974
1 0.599621578099839 0.5125466666666666 0.026698872785829282 0.035013333333333396
1 0.6336996779388084 0.51464 0.03147342995169085 0.03717333333333333
1 0.6854186795491143 0.5255333333333333 0.02629629629629627 0.03442666666666666
1 0.762987117552335 0.5365466666666666 0.012254428341384885 0.04109333333333332
1 0.8603663446054751 0.5521466666666667 0.024275362318840654 0.06903999999999996
1 0.9060104669887278 0.5545333333333333 0.03263285024154587 0.06479999999999995
1 0.9833735909822866 0.54952 0.029871175523349548 0.07909333333333332
1 0.727830112721417 0.5265599999999999 0.022697262479871128 0.05509333333333333
1 0.6619041867954911 0.5112266666666666 0.0352576489533011 0.061226666666666686
1 0.7910668276972624 0.5417866666666667 0.04364734299516911 0.10010666666666665
1 0.9416062801932367 0.5473333333333333 0.05454911433172303 0.12234666666666666