7 0.7559460547504026 0.6466 0.24305152979066014 0.33112
7 0.11175120772946859 0.6387333333333333 0.22350241545893718 0.2879733333333333
7 0.6881038647342995 0.6170133333333333 0.18553140096618362 0.25120000000000003
7 0.14419484702093396 0.5878133333333333 0.18104669887278582 0.23568
7 0.1764291465378422 0.5644 0.17548309178743962 0.22186666666666663
7 0.22770933977455715 0.54892 0.12913848631239935 0.20994666666666673
7 0.244975845410628 0.5247333333333333 0.09977455716586153 0.14642666666666665
7 0.3809903381642512 0.5103599999999999 0.031771336553945276 0.06834666666666665
1 0.9169565217391306 0.5494133333333333 0.049371980676328454 0.08442666666666673
1 0.31803542673107893 0.48954666666666663 0.010016103059581364 0.03242666666666666
1 0.35611513687600643 0.4945866666666667 0.017914653784219 0.036960000000000034