7 0.8468800322061192 0.5791333333333333 0.30462962962962964 0.46818666666666664
7 0.9766384863123995 0.4391733333333333 0.04511272141706922 0.1234666666666667
7 0.3206803542673108 0.56604 0.08316425120772948 0.19538666666666668
7 0.38698470209339775 0.5691200000000001 0.09693236714975849 0.22773333333333334
7 0.7159460547504026 0.45666666666666667 0.11854267310789052 0.14554666666666663
7 0.807512077294686 0.4369333333333334 0.059307568438003194 0.10192
6 0.9088204508856683 0.41417333333333334 0.07165056360708535 0.12039999999999994
7 0.8422342995169083 0.4308266666666667 0.06614331723027382 0.09280000000000004
7 0.3602254428341385 0.54496 0.0638808373590982 0.13824
7 0.5474396135265701 0.48672000000000004 0.03660225442834132 0.08634666666666665
7 0.49567632850241544 0.49184 0.026296296296296363 0.06762666666666671
7 0.4627214170692432 0.46268 0.027230273752012923 0.04141333333333334