7 0.2176851851851852 0.6696933333333334 0.15833333333333333 0.2887733333333332
7 0.30092592592592593 0.60708 0.09338164251207731 0.17831999999999992
7 0.34320450885668274 0.5767733333333334 0.06033816425120773 0.13509333333333332
7 0.3723832528180354 0.5547466666666667 0.04922705314009661 0.10410666666666672
7 0.7081320450885669 0.4775333333333333 0.10793880837359093 0.13479999999999995
7 0.6868800322061192 0.47040000000000004 0.07203703703703705 0.1269866666666667
7 0.6658413848631239 0.4796666666666667 0.07756038647342998 0.11405333333333328
7 0.986219806763285 0.4014533333333333 0.025950080515297923 0.12514666666666668
7 0.9622584541062802 0.40458666666666665 0.07387278582930756 0.12623999999999994
7 0.9456119162640902 0.4116666666666667 0.10716586151368752 0.10648000000000002
7 0.9220370370370371 0.4208133333333334 0.11378421900161026 0.10034666666666665
7 0.4013969404186795 0.5394133333333333 0.03786634460547502 0.08239999999999995
7 0.5562359098228664 0.5174266666666667 0.03876811594202897 0.09906666666666668
1 0.49681964573268916 0.48656000000000005 0.013107890499194917 0.038133333333333366
1 0.44059581320450886 0.5094266666666667 0.030563607085346244 0.047120000000000044
1 0.5231038647342995 0.50176 0.01838164251207733 0.05045333333333338
1 0.6275120772946859 0.4876 0.052028985507246384 0.064