7 0.3361437908496732 0.6151351351351352 0.12771241830065364 0.27
0 0.9315277777777778 0.4640945945945946 0.09089869281045751 0.22737837837837838
0 0.8431903594771242 0.46113513513513515 0.06242647058823527 0.1772432432432432
8 0.4728104575163399 0.519027027027027 0.02635620915032679 0.18291891891891893
0 0.6636601307189542 0.4718243243243243 0.03627450980392155 0.10889189189189187
8 0.33898284313725485 0.528972972972973 0.020138888888888918 0.20729729729729726
0 0.7133864379084967 0.47086486486486484 0.02352124183006542 0.12383783783783782
8 0.17383578431372548 0.5571081081081081 0.026821895424836588 0.15578378378378374
8 0.16681781045751634 0.5645135135135135 0.024616013071895423 0.1506486486486487
0 0.2647916666666667 0.5537567567567567 0.06669117647058823 0.19756756756756755
8 0.2091789215686274 0.5562027027027028 0.023112745098039233 0.15629729729729733
8 0.1851062091503268 0.5636081081081081 0.026094771241830062 0.19332432432432434
8 0.2815277777777778 0.5365135135135135 0.016535947712418262 0.1934054054054054
7 0.9641993464052286 0.4262432432432432 0.069967320261438 0.10902702702702703
7 0.8926797385620914 0.45609459459459456 0.10521241830065357 0.09267567567567565
1 0.5213888888888889 0.4542702702702702 0.02321895424836598 0.03275675675675669
1 0.39715686274509804 0.48339189189189186 0.02101307189542486 0.06672972972972972