7 0.8354428341384862 0.7586 0.32750402576489535 0.4774666666666667
7 0.12083333333333332 0.6537333333333334 0.24166666666666664 0.3201066666666667
7 0.2379830917874396 0.5826133333333334 0.16582125603864736 0.20346666666666663
7 0.28604669887278583 0.5741066666666667 0.16028985507246377 0.18
7 0.30147745571658613 0.55568 0.13598228663446055 0.15856000000000003
7 0.6746900161030596 0.6434666666666667 0.14495169082125603 0.33866666666666667
7 0.5734460547504026 0.5483066666666667 0.0510144927536232 0.11943999999999998
7 0.3476328502415459 0.5529333333333333 0.09927536231884058 0.13685333333333333
6 0.3607125603864734 0.5290266666666666 0.08459742351046698 0.14018666666666665
6 0.5304307568438003 0.48121333333333327 0.02619162640901769 0.09213333333333329
7 0.41854669887278584 0.50052 0.0544363929146538 0.06093333333333332
7 0.43049114331723026 0.49218666666666666 0.04927536231884057 0.06794666666666664
6 0.519927536231884 0.47152 0.018985507246376754 0.07519999999999998
1 0.4824194847020934 0.46957333333333334 0.07216586151368759 0.055679999999999986