7 0.5935466988727858 0.48878666666666665 0.02498389694041875 0.06850666666666666
7 0.5319847020933978 0.4988 0.03739935587761679 0.07984
7 0.30415056360708537 0.5439866666666667 0.06029790660225442 0.10738666666666662
7 0.40749194847020936 0.5148133333333333 0.0300402576489533 0.06605333333333337
4 0.5054186795491143 0.4602133333333333 0.051272141706924367 0.08357333333333335
1 0.2515096618357488 0.5275733333333333 0.026916264090177094 0.03370666666666663
1 0.44302737520128826 0.4964266666666667 0.016859903381642557 0.04432000000000001
1 0.5657165861513688 0.47902666666666666 0.017101449275362328 0.04466666666666667
1 0.6971296296296297 0.4388933333333333 0.12165056360708537 0.034373333333333374
1 0.9143800322061191 0.44324 0.1649919484702092 0.04248000000000002
1 0.1943276972624799 0.55428 0.07467793880837362 0.07511999999999996
1 0.788961352657005 0.44732 0.0813848631239936 0.05010666666666665