7 0.48015713134568894 0.518218085106383 0.029532634971797013 0.0888829787234043
7 0.07981063658340048 0.7735505319148936 0.15962127316680097 0.4475797872340425
7 0.24033843674456082 0.5887765957446809 0.10398066075745364 0.17335106382978724
7 0.35275584206285254 0.6152393617021277 0.1029975825946817 0.2165425531914894
7 0.318593875906527 0.5484175531914893 0.059830781627719584 0.1134308510638298
7 0.3951289282836422 0.5396941489361703 0.04566478646253028 0.0961436170212766
6 0.4272441579371475 0.4842021276595745 0.03266720386784853 0.12260638297872346
7 0.0501651893634166 0.6084973404255318 0.1003303787268332 0.21662234042553188
7 0.2054351329572925 0.5558776595744681 0.077767929089444 0.11202127659574469
7 0.2623932312651088 0.5281648936170212 0.0584850926672039 0.10164893617021277
1 0.44490733279613215 0.48761968085106383 0.022755842062852544 0.052898936170212726