7 0.122487922705314 0.7524933333333333 0.244975845410628 0.48968
0 0.3713929146537842 0.5614 0.03647342995169083 0.21864000000000003
0 0.39820048309178746 0.5625466666666666 0.028623188405797112 0.2000266666666667
7 0.35499597423510465 0.55576 0.0678341384863124 0.13301333333333332
0 0.42625201288244763 0.51804 0.016400966183574884 0.11138666666666669
7 0.4197101449275362 0.5160666666666667 0.035764895330112734 0.06797333333333336
7 0.5279669887278583 0.5044933333333333 0.02520933977455712 0.06855999999999994
7 0.8297262479871176 0.7290666666666666 0.3389371980676329 0.5365333333333333
1 0.5046175523349437 0.47296000000000005 0.015064412238325312 0.03866666666666667
1 0.5721618357487923 0.49593333333333334 0.013454106280193267 0.11954666666666662
1 0.553707729468599 0.47372 0.015128824476650626 0.05288000000000003