0 0.7038446054750402 0.5869333333333333 0.05739935587761681 0.3306133333333332
8 0.6145209339774557 0.5378000000000001 0.020024154589371984 0.22824
3 0.8746376811594204 0.6827466666666666 0.05619967793880834 0.26287999999999995
3 0.9226449275362321 0.6851866666666666 0.05844605475040251 0.24061333333333332
8 0.94085346215781 0.5889333333333333 0.04574879227053135 0.3765333333333333
8 0.7722504025764896 0.5630666666666667 0.027302737520128892 0.24970666666666672
8 0.7486996779388083 0.55068 0.02293880837359099 0.22135999999999997
8 0.25345410628019327 0.5443333333333333 0.02344605475040258 0.19138666666666662
8 0.31150161030595813 0.5400533333333333 0.0247745571658615 0.1890666666666667
6 0.47190016103059573 0.47016 0.046763285024154624 0.12202666666666664
1 0.08487520128824476 0.5709333333333333 0.16274557165861514 0.16954666666666662
1 0.2563888888888889 0.5515066666666667 0.08306763285024152 0.114
1 0.356195652173913 0.49455999999999994 0.03274557165861515 0.13343999999999998
1 0.42329307568438007 0.5015066666666667 0.0511916264090177 0.10845333333333337
1 0.6501610305958132 0.5667866666666667 0.030225442834138458 0.11677333333333331
1 0.6321296296296296 0.49316 0.022681159420289913 0.07512000000000005
1 0.9747665056360707 0.59732 0.021835748792270626 0.21677333333333332