0 0.7746819645732689 0.5755733333333333 0.09644927536231881 0.4469866666666666
0 0.6220088566827698 0.5115599999999999 0.019235104669887267 0.1517066666666667
8 0.6380032206119163 0.5064666666666667 0.014138486312399312 0.11426666666666666
8 0.653220611916264 0.5046266666666667 0.011851851851851782 0.11421333333333336
2 0.6510950080515298 0.5202133333333333 0.013719806763284995 0.0661333333333333
0 0.584597423510467 0.49632000000000004 0.009162640901771333 0.08117333333333333
1 0.9106038647342993 0.46634666666666663 0.15276972624798713 0.03866666666666667
1 0.9633091787439614 0.5669866666666666 0.07009661835748787 0.06682666666666667
1 0.5776086956521739 0.464 0.10151368760064407 0.038986666666666676
1 0.7076086956521739 0.49733333333333335 0.061256038647343025 0.07232000000000001
1 0.4916505636070854 0.47789333333333334 0.036940418679549114 0.022346666666666654
1 0.3977133655394525 0.4848266666666667 0.018486312399355862 0.030666666666666665