7 0.9209541062801933 0.7267066666666666 0.15648148148148142 0.5412533333333334
7 0.7560628019323671 0.7093333333333334 0.2556038647342995 0.4772266666666667
7 0.6229710144927536 0.5806 0.08761674718196452 0.22583999999999999
7 0.2940499194847021 0.6054266666666666 0.09056360708534618 0.18829333333333328
7 0.401219806763285 0.52932 0.029283413848631243 0.07149333333333334
7 0.5292230273752012 0.4970533333333333 0.026352657004830932 0.06925333333333333
7 0.41283816425120773 0.5198933333333333 0.02640096618357485 0.06026666666666665
1 0.47381239935587754 0.47564 0.04015297906602255 0.06008
1 0.5059219001610306 0.47619999999999996 0.00968599033816423 0.032080000000000004
1 0.445330112721417 0.49213333333333337 0.01597423510466991 0.029333333333333333
1 0.549098228663446 0.4612266666666666 0.02099838969404181 0.03343999999999998
1 0.6396779388083736 0.4529066666666667 0.027713365539452556 0.055679999999999986