7 0.5142552334943639 0.5672666666666667 0.06437198067632845 0.18813333333333337
7 0.43303945249597425 0.5343466666666666 0.06268115942028983 0.16325333333333333
7 0.5205797101449275 0.5169866666666667 0.04244766505636064 0.13141333333333333
7 0.9788768115942028 0.45005333333333336 0.04063607085346218 0.18949333333333335
7 0.9295330112721417 0.44549333333333335 0.1349114331723027 0.16703999999999997
1 0.05263687600644122 0.5513733333333333 0.04377616747181965 0.07837333333333338
1 0.14370772946859905 0.5319866666666667 0.10116747181964574 0.04530666666666669
1 0.3481521739130435 0.4884266666666667 0.02572463768115941 0.03989333333333328
1 0.5967109500805153 0.45913333333333334 0.035708534621578025 0.03485333333333339
1 0.8301207729468599 0.44090666666666667 0.06695652173913041 0.0794666666666667
1 0.22284219001610303 0.5098266666666667 0.08138486312399357 0.052879999999999955