0 0.7410498366013073 0.6133108108108108 0.04160947712418297 0.24354054054054058
0 0.3152165032679739 0.7321756756756757 0.20288398692810455 0.5302432432432432
0 0.5932393790849673 0.6036351351351351 0.034599673202614305 0.21056756756756764
8 0.2644648692810458 0.5409459459459459 0.01280228758169936 0.1337297297297297
8 0.28028186274509803 0.5428378378378379 0.0136192810457516 0.11562162162162162
0 0.5594566993464053 0.5457297297297297 0.028259803921568655 0.10421621621621623
8 0.388031045751634 0.5403648648648649 0.013071895424836602 0.12354054054054049
8 0.3806454248366013 0.5423918918918919 0.014983660130718933 0.10429729729729731
8 0.5769730392156862 0.539 0.010890522875817026 0.1070810810810811
8 0.597687908496732 0.5619459459459459 0.018790849673202614 0.10843243243243236
1 0.6242933006535948 0.5625675675675675 0.020171568627451026 0.09172972972972972
1 0.7691421568627451 0.5597837837837838 0.012614379084967271 0.06951351351351351
1 0.8014705882352942 0.5611891891891891 0.018496732026143874 0.08340540540540536
1 0.6926307189542483 0.5365945945945947 0.05017973856209147 0.07270270270270272