7 0.14475081699346407 0.7594864864864864 0.28950163398692813 0.4756216216216216
8 0.6346241830065359 0.5670945945945945 0.05446078431372547 0.3331081081081081
0 0.9781454248366013 0.4384324324324324 0.042075163398692814 0.13908108108108103
8 0.37731617647058824 0.596581081081081 0.07036764705882352 0.3481891891891891
8 0.37792483660130716 0.5974324324324325 0.05392156862745098 0.39740540540540537
0 0.8039133986928104 0.48540540540540544 0.027385620915032664 0.17475675675675675
8 0.09130718954248367 0.6014324324324324 0.01838235294117647 0.2532432432432432
8 0.08033088235294117 0.6146216216216216 0.0291421568627451 0.24621621621621612
0 0.39438316993464057 0.5883918918918919 0.0939950980392157 0.30083783783783785
8 0.015694444444444445 0.6084324324324324 0.03138888888888889 0.3175135135135136
7 0.9895220588235294 0.4696756756756757 0.019321895424836675 0.1196216216216216
7 0.38300245098039215 0.4874054054054054 0.02659313725490197 0.06416216216216218
1 0.5252124183006536 0.45731081081081076 0.02517973856209145 0.02105405405405403