8 0.65859450726979 0.7011363636363637 0.05168012924071084 0.5422192513368984
8 0.745456381260097 0.6838502673796791 0.07937802907915992 0.5735294117647058
8 0.19683764135702747 0.688475935828877 0.058053311793214865 0.5025668449197862
8 0.46164378029079167 0.5667780748663102 0.0314135702746365 0.2635026737967915
8 0.5984612277867528 0.533235294117647 0.024095315024232573 0.20983957219251334
8 0.8337479806138934 0.5698529411764706 0.04812600969305335 0.3235026737967915
8 0.9547495961227787 0.5421256684491979 0.05263327948303704 0.34018716577540115
8 0.7905775444264943 0.5354946524064171 0.03058966074313409 0.2635561497326203
8 0.42334814216478195 0.5361229946524064 0.01684168012924073 0.14877005347593586
2 0.4147213247172859 0.5676604278074866 0.023400646203554094 0.0953743315508021
8 0.40780290791599355 0.5298262032085561 0.0169789983844911 0.15093582887700532
7 0.4617366720516963 0.4802941176470588 0.020953150242326378 0.06967914438502675
7 0.3981744749596123 0.5085695187165775 0.057415185783521845 0.16435828877005348
6 0.4219507269789984 0.4980080213903743 0.03903877221324716 0.12328877005347597
1 0.5713610662358644 0.5306550802139037 0.03527463651050077 0.13344919786096257
1 0.14422455573505655 0.6654010695187166 0.060452342487883684 0.4084491978609626