7 0.1979106280193237 0.5914666666666667 0.08200483091787442 0.14767999999999998
7 0.4224194847020934 0.49868 0.02820450885668275 0.08248000000000001
6 0.37096215780998393 0.4836 0.03801127214170691 0.09770666666666664
7 0.33793075684380036 0.5399066666666666 0.04682769726247989 0.10008
7 0.28194444444444444 0.5488266666666667 0.05425925925925925 0.09941333333333334
0 0.26152576489533014 0.5546533333333333 0.03245571658615137 0.16685333333333333
8 0.3828059581320451 0.5047066666666666 0.006706924315620001 0.06104000000000004
7 0.9215217391304348 0.5214266666666667 0.15534621578099844 0.27325333333333335
7 0.25882447665056363 0.5099333333333333 0.050644122383252846 0.05170666666666663
1 0.44509661835748787 0.49594666666666665 0.02938808373590982 0.064
1 0.8036392914653784 0.4459333333333333 0.021835748792270536 0.052879999999999955