7 0.07002415458937197 0.6803733333333333 0.14004830917874395 0.35007999999999995
7 0.1425805152979066 0.6041466666666667 0.19367954911433174 0.24866666666666667
7 0.18597020933977454 0.5910933333333334 0.15785024154589372 0.22272000000000003
7 0.2592632850241546 0.5541333333333334 0.07195652173913043 0.1330666666666667
7 0.29588566827697266 0.5429333333333333 0.09528180354267313 0.12330666666666669
7 0.37335748792270534 0.5227466666666667 0.03487922705314009 0.08506666666666661
7 0.3838969404186795 0.5183333333333333 0.03265700483091788 0.07202666666666664
1 0.40878421900161027 0.5090399999999999 0.026328502415458883 0.06314666666666661
1 0.4837318840579711 0.4838 0.02004025764895329 0.05575999999999999
1 0.5315780998389694 0.48758666666666667 0.022576489533011244 0.06557333333333326
1 0.5551046698872786 0.47896000000000005 0.012206119162640876 0.03514666666666661
1 0.6981400966183574 0.44136 0.09487922705314013 0.06048000000000002
1 0.8712399355877616 0.44032 0.2521417069243157 0.09578666666666671