7 0.8891183574879228 0.75308 0.2201529790660225 0.48850666666666664
7 0.23739935587761676 0.6542666666666668 0.20442834138486313 0.43968000000000007
7 0.3952334943639291 0.5631333333333334 0.09468599033816423 0.2131466666666666
7 0.7092270531400965 0.6397466666666667 0.15869565217391307 0.3578933333333333
7 0.6474557165861514 0.5711200000000001 0.07438003220611916 0.21263999999999994
7 0.534231078904992 0.51748 0.06411433172302737 0.1186933333333333
6 0.8274235104669888 0.4668933333333333 0.07125603864734309 0.13634666666666664
6 0.7696779388083737 0.46048 0.06170692431561996 0.12042666666666665
5 0.6680434782608696 0.4278533333333333 0.03621578099838971 0.10690666666666668
1 0.586731078904992 0.4706266666666667 0.04513687600644118 0.07789333333333336
1 0.6157729468599034 0.44596 0.040289855072463736 0.07511999999999996
1 0.45223027375201297 0.4806666666666667 0.018486312399355817 0.038986666666666676