7 0.31250805152979066 0.6838799999999999 0.15456521739130438 0.35463999999999996
7 0.6011996779388085 0.5851466666666667 0.09227053140096621 0.21792000000000009
7 0.36859098228663445 0.5960133333333333 0.09096618357487919 0.2176266666666667
7 0.5743961352657005 0.5531333333333334 0.06428341384863126 0.1503733333333334
7 0.4314331723027375 0.5311466666666667 0.03874396135265701 0.1104533333333333
6 0.5443880837359099 0.5052533333333333 0.040144927536231806 0.13013333333333335
7 0.44806763285024154 0.5022133333333333 0.028969404186795507 0.07941333333333334
7 0.521219806763285 0.48623999999999995 0.020990338164251155 0.060586666666666664
1 0.47252012882447664 0.47258666666666665 0.008599033816425171 0.023146666666666683
1 0.48398550724637684 0.46503999999999995 0.006425120772946874 0.017386666666666693
1 0.5063244766505636 0.4695599999999999 0.024355877616747183 0.05010666666666665