7 0.1269927536231884 0.7627466666666666 0.2539855072463768 0.46917333333333333
7 0.577121578099839 0.5614133333333333 0.07277777777777776 0.18096000000000004
7 0.22635265700483093 0.5561466666666667 0.12280193236714974 0.14888000000000004
7 0.66341384863124 0.6329199999999999 0.1338486312399356 0.30093333333333333
7 0.5577495974235104 0.5382933333333334 0.047415458937198056 0.13274666666666668
7 0.3808132045088567 0.5375733333333333 0.05360708534621577 0.12314666666666668
7 0.4009017713365539 0.5110533333333332 0.04186795491143313 0.11656000000000002
7 0.7893276972624799 0.7535866666666667 0.3022624798711755 0.48749333333333333
7 0.4203381642512077 0.5103466666666666 0.03288244766505639 0.09487999999999996
6 0.5260265700483092 0.46681333333333336 0.03475845410628016 0.12418666666666665
7 0.4390821256038648 0.48942666666666673 0.01769726247987119 0.03773333333333335
1 0.46732689210950085 0.48344000000000004 0.036940418679549114 0.061226666666666686
1 0.5012962962962964 0.48068 0.017648953301127274 0.04456000000000002