7 0.3524154589371981 0.6307999999999999 0.10742351046698874 0.2712
7 0.4076570048309178 0.5699066666666667 0.054106280193236704 0.14984
6 0.42934782608695654 0.50912 0.04504025764895334 0.156
7 0.06424315619967795 0.7742933333333334 0.1284863123993559 0.44608
7 0.6116626409017712 0.5664666666666667 0.1406199677938808 0.1806133333333333
7 0.5866062801932368 0.5434266666666666 0.11269726247987111 0.12968
7 0.546731078904992 0.52028 0.0763446054750403 0.10514666666666668
6 0.45070450885668284 0.5047733333333333 0.029283413848631243 0.08986666666666664
2 0.7383091787439614 0.6365066666666667 0.11887278582930756 0.22538666666666662
2 0.6944162640901771 0.6127866666666667 0.07559581320450885 0.1884533333333333
6 0.17623993558776166 0.6702666666666667 0.3524798711755233 0.6541333333333333
1 0.5042230273752013 0.5070666666666667 0.025193236714975815 0.064