7 0.05633252818035427 0.7221333333333332 0.11266505636070855 0.3332266666666666
7 0.08913446054750403 0.6328933333333333 0.17826892109500805 0.3053599999999999
7 0.15537037037037038 0.6179733333333333 0.19363929146537845 0.23519999999999996
7 0.23551932367149758 0.5736666666666667 0.13670692431561998 0.1809333333333334
7 0.30467793880837357 0.5443733333333333 0.05966183574879224 0.10879999999999995
7 0.3323188405797102 0.5344133333333333 0.0792270531400966 0.10280000000000003
7 0.3923913043478261 0.51752 0.029919484702093418 0.07498666666666667
1 0.49700080515297906 0.48033333333333333 0.02057165861513684 0.03271999999999995
1 0.5346618357487922 0.48924 0.01673107890499202 0.05277333333333339
1 0.5564573268921095 0.48058666666666666 0.009903381642512041 0.038879999999999956
1 0.41805555555555557 0.4952 0.027995169082125636 0.06367999999999999
1 0.7513647342995169 0.4292133333333333 0.2074315619967794 0.09074666666666667
1 0.9474194847020936 0.43870666666666663 0.10192431561996773 0.1077066666666667
1 0.4388083735909823 0.4848266666666667 0.020161030595813176 0.02512000000000004
1 0.5830676328502417 0.4626133333333333 0.020161030595813267 0.030666666666666665