7 0.1037157809983897 0.64192 0.2074315619967794 0.2556800000000001
7 0.1765096618357488 0.6137066666666666 0.1859661835748792 0.21231999999999993
7 0.3138405797101449 0.5353866666666667 0.10425120772946857 0.144
7 0.39258856682769727 0.51788 0.05090982286634462 0.0675466666666667
0 0.6835064412238325 0.5042800000000001 0.025676328502415448 0.1392266666666667
0 0.6517512077294685 0.50184 0.01722222222222221 0.10325333333333334
0 0.6342954911433173 0.5022933333333334 0.014130434782608751 0.08831999999999994
1 0.4971376811594203 0.49787999999999993 0.02033011272141707 0.04690666666666667
1 0.5730314009661837 0.4780666666666667 0.06983091787439615 0.026480000000000017
1 0.7791425120772947 0.45901333333333333 0.11934782608695645 0.044160000000000005
1 0.46690821256038656 0.4876266666666667 0.01764895330112718 0.025119999999999965