7 0.4964251207729468 0.5209733333333334 0.035507246376811616 0.11122666666666668
7 0.9293840579710145 0.7480133333333333 0.13962157809983902 0.49864
7 0.7849194847020934 0.6941066666666668 0.21956521739130438 0.5140266666666667
7 0.7041384863123993 0.6108266666666666 0.17822866344605476 0.2961599999999999
7 0.6566747181964573 0.5630666666666667 0.14098228663446058 0.23573333333333343
7 0.6328582930756844 0.55168 0.10368760064412236 0.16842666666666667
7 0.6114814814814815 0.53116 0.10064412238325282 0.13282666666666668
7 0.4314734299516908 0.4930133333333333 0.016972624798711696 0.039039999999999964
7 0.3885668276972625 0.5238666666666666 0.03423510466988731 0.07733333333333334
7 0.5725684380032207 0.5053333333333333 0.06998389694041873 0.09194666666666672
7 0.5521537842190016 0.4983733333333333 0.056143317230273763 0.07114666666666661
6 0.5376046698872785 0.48396000000000006 0.04561191626409016 0.06936000000000005
7 0.38481481481481483 0.49712000000000006 0.025056360708534627 0.05589333333333336
7 0.36268921095008055 0.49112000000000006 0.01637681159420288 0.04256000000000002
1 0.4683494363929147 0.46540000000000004 0.00946859903381651 0.03719999999999997
1 0.451219806763285 0.47617333333333334 0.015386473429951702 0.019173333333333327