6 0.1506280193236715 0.6526533333333333 0.301256038647343 0.68936
7 0.8234863123993559 0.7479066666666667 0.35141706924315624 0.4988533333333333
7 0.667632850241546 0.6198133333333333 0.10545893719806765 0.2762133333333334
6 0.09830917874396135 0.5162266666666666 0.1966183574879227 0.3720266666666666
7 0.6681441223832528 0.5387733333333334 0.08929951690821253 0.22175999999999998
6 0.500072463768116 0.48771999999999993 0.031787439613526584 0.11074666666666667
6 0.7249516908212561 0.46164000000000005 0.1392109500805153 0.17325333333333334
7 0.38752818035426734 0.5130533333333333 0.03785829307568436 0.08322666666666668
7 0.3407447665056361 0.4978666666666666 0.04643317230273753 0.1137066666666667
7 0.60085346215781 0.4918666666666666 0.042866344605475046 0.08250666666666666
6 0.5444283413848632 0.44334666666666667 0.022898550724637635 0.0853066666666667
5 0.5138808373590983 0.4284666666666667 0.02267310789049926 0.11789333333333335
1 0.45306360708534615 0.4820533333333333 0.023518518518518456 0.0695466666666667