8 0.5313772213247173 0.6688502673796791 0.04953957996768985 0.45561497326203215
8 0.5815105008077545 0.6506550802139037 0.06058158319870759 0.4683689839572193
8 0.1844184168012924 0.6721524064171123 0.06058158319870759 0.4839304812834225
0 0.2317730210016155 0.7283689839572192 0.16265751211631665 0.5379144385026738
0 0.33334006462035537 0.6155614973262032 0.06506462035541197 0.35133689839572196
8 0.6118861066235864 0.532072192513369 0.022075928917608987 0.18831550802139038
8 0.6144184168012924 0.5042513368983957 0.01615508885298869 0.1296256684491979
8 0.6355129240710824 0.5482620320855616 0.018037156704361814 0.2105882352941177
7 0.41301292407108237 0.5067780748663101 0.036090468497576696 0.10778074866310161
1 0.45714862681744756 0.4896657754010695 0.022617124394184167 0.04441176470588231
1 0.471502423263328 0.4987165775401069 0.013457189014539555 0.0473262032085562