7 0.8363365539452496 0.6590266666666666 0.3257165861513687 0.6766133333333334
7 0.6814251207729468 0.6693466666666666 0.18024154589371982 0.3874399999999999
7 0.5591908212560386 0.5639866666666666 0.07817230273752006 0.16968
0 0.367487922705314 0.5472933333333334 0.020193236714975832 0.15122666666666668
7 0.32440016103059577 0.57336 0.06392109500805157 0.14048000000000002
7 0.5143961352657005 0.5227200000000001 0.056650563607085265 0.13951999999999998
7 0.46708937198067635 0.5238933333333333 0.03517713365539457 0.0815466666666667
0 0.387145732689211 0.5375733333333333 0.01675523349436393 0.13471999999999995
1 0.427073268921095 0.50176 0.017415458937198064 0.04981333333333335
1 0.40673510466988727 0.49265333333333333 0.01986312399355879 0.04296000000000004
1 0.44048309178743955 0.51816 0.018486312399355817 0.06954666666666662