6 0.3780636070853462 0.49751999999999996 0.028510466988727834 0.10192
0 0.43349838969404186 0.58084 0.043550724637681185 0.26696000000000003
7 0.8637318840579711 0.7290666666666666 0.27092592592592596 0.5365333333333333
7 0.6088003220611916 0.6583333333333333 0.1779710144927536 0.35944
7 0.13890901771336556 0.6813466666666667 0.17739935587761674 0.3161866666666667
6 0.21609098228663445 0.5976266666666668 0.10205314009661835 0.23237333333333338
7 0.5067230273752013 0.5604933333333333 0.08457326892109499 0.20722666666666661
7 0.4701368760064413 0.5418799999999999 0.06653784219001609 0.15026666666666666
7 0.2549597423510467 0.5843333333333334 0.058486312399355915 0.14567999999999998
8 0.5969323671497584 0.5216 0.02357487922705312 0.18986666666666663
7 0.2729106280193237 0.552 0.04403381642512077 0.10954666666666663
7 0.44634057971014496 0.5265066666666667 0.04371175523349433 0.10618666666666665
1 0.3419404186795491 0.4876133333333334 0.009259259259259259 0.07511999999999996
1 0.29204106280193237 0.47232 0.08223027375201288 0.13343999999999998
1 0.3553582930756844 0.4626133333333334 0.0142914653784219 0.025119999999999965