7 0.832596618357488 0.7162400000000001 0.3331964573268921 0.5621866666666666
7 0.07989533011272142 0.7379600000000001 0.15979066022544283 0.44210666666666665
7 0.6605475040257649 0.6517733333333333 0.15539452495974235 0.31581333333333333
7 0.5746819645732689 0.5453733333333333 0.062423510466988706 0.1768266666666666
7 0.2917512077294686 0.5608666666666666 0.149975845410628 0.1762933333333333
7 0.31985909822866343 0.5227600000000001 0.09622383252818034 0.17042666666666667
7 0.36888486312399354 0.5225333333333333 0.0789291465378422 0.10127999999999997
7 0.41364331723027375 0.4764 0.05314814814814814 0.08282666666666667
7 0.5385426731078905 0.5126000000000001 0.03260869565217391 0.08525333333333333
7 0.5119122383252819 0.4807866666666667 0.016545893719806817 0.042319999999999934
1 0.46270933977455714 0.4626133333333334 0.026030595813204542 0.0584533333333333
1 0.4958373590982286 0.46956000000000003 0.030225442834138548 0.039013333333333323