7 0.2283856682769726 0.6423333333333333 0.13008856682769726 0.23960000000000006
7 0.5941545893719807 0.56076 0.08093397745571666 0.18893333333333331
7 0.30944847020933974 0.5881200000000001 0.08414653784219 0.15768000000000007
7 0.3654428341384863 0.5419333333333333 0.0535587761674718 0.13149333333333335
7 0.38689210950080516 0.5322666666666667 0.040853462157809994 0.09680000000000002
7 0.5190136876006441 0.4902266666666667 0.01599838969404187 0.04648000000000002
6 0.9792834138486313 0.43716 0.0398228663446055 0.16274666666666668
1 0.43461352657004826 0.49316 0.020161030595813176 0.04733333333333333
1 0.45977455716586146 0.49456 0.02687600644122383 0.055679999999999986
1 0.495 0.4723333333333333 0.030225442834138458 0.055653333333333346
1 0.5646175523349437 0.47510666666666673 0.06210144927536231 0.04456000000000002
1 0.6539371980676328 0.45149333333333336 0.06797101449275358 0.09178666666666671