7 0.9223470209339774 0.7284666666666667 0.15369565217391312 0.5377333333333334
7 0.07173510466988728 0.7713066666666667 0.14347020933977456 0.45205333333333336
7 0.29728663446054754 0.5996133333333333 0.09885668276972627 0.19666666666666674
7 0.3456521739130434 0.5658266666666667 0.06616747181964573 0.13517333333333334
7 0.3725805152979066 0.5475333333333333 0.0464814814814815 0.10893333333333331
7 0.3938808373590983 0.5334800000000001 0.03987117552334947 0.08733333333333333
7 0.6791143317230274 0.46716 0.08972624798711751 0.1134666666666667
7 0.6453582930756844 0.46232 0.0664009661835749 0.09866666666666667
7 0.9524074074074073 0.40725333333333336 0.09357487922705317 0.11050666666666666
7 0.9246336553945249 0.4063066666666667 0.11020128824476642 0.11016000000000001
7 0.897999194847021 0.4118533333333333 0.10665861513687602 0.09303999999999997
7 0.8721698872785828 0.42239999999999994 0.09791465378421901 0.08842666666666665
7 0.4165780998389694 0.5163066666666667 0.03251207729468603 0.07064000000000002
7 0.5523148148148147 0.49856 0.03292270531400965 0.08533333333333333
1 0.5029830917874396 0.4720933333333334 0.011409017713365506 0.03725333333333333
1 0.4455193236714976 0.4959466666666667 0.0352576489533011 0.0584533333333333
1 0.5289653784219002 0.4806666666666667 0.024355877616747183 0.06122666666666661
1 0.6136755233494363 0.4751066666666666 0.04448470209339775 0.055653333333333346