7 0.07221014492753623 0.6778666666666666 0.14442028985507246 0.3087466666666666
4 0.5726167471819646 0.45186666666666664 0.03371980676328502 0.09605333333333337
7 0.20682769726247988 0.57736 0.11223832528180352 0.21359999999999998
7 0.27561996779388087 0.5668133333333334 0.07483091787439614 0.1324533333333333
7 0.3149597423510467 0.5412666666666667 0.06531400966183576 0.1306933333333333
7 0.36964573268921097 0.5283866666666667 0.041014492753623184 0.0835466666666667
7 0.38884863123993557 0.5194666666666667 0.03391304347826087 0.0706133333333333
1 0.43083735909822857 0.49316 0.0209983896940419 0.04733333333333333
1 0.6182930756843801 0.4723333333333333 0.010096618357487985 0.055653333333333346
1 0.6681884057971015 0.4764933333333333 0.010933977455716528 0.0862133333333333
1 0.5432246376811594 0.46538666666666667 0.0142914653784219 0.030666666666666665