7 0.06241143317230274 0.7722 0.12482286634460547 0.45026666666666665
7 0.19547504025764895 0.7470266666666666 0.273317230273752 0.4837599999999999
7 0.975366344605475 0.5345733333333332 0.04765700483091792 0.2943733333333332
7 0.8749194847020935 0.5485733333333334 0.12766505636070857 0.24103999999999998
7 0.7985144927536232 0.5344533333333333 0.10675523349436386 0.20197333333333328
7 0.7619484702093398 0.51792 0.1031400966183575 0.1652266666666666
7 0.7301489533011273 0.51044 0.09793075684380032 0.1505333333333333
7 0.7048590982286634 0.5137733333333334 0.09615942028985504 0.12189333333333335
7 0.6126449275362319 0.5830933333333334 0.09437198067632853 0.23914666666666667
7 0.5809098228663446 0.5514933333333334 0.05913043478260874 0.14048000000000002
7 0.38259259259259254 0.5629866666666666 0.07790660225442829 0.17648000000000003
6 0.41251610305958136 0.52244 0.06078099838969405 0.16776
7 0.6306360708534622 0.48888000000000004 0.07000000000000005 0.10117333333333332
5 0.5176811594202899 0.45481333333333335 0.047375201288244795 0.16301333333333332
1 0.021135265700483092 0.5626133333333334 0.04028985507246377 0.0695466666666667
1 0.052435587761674715 0.78764 0.10487117552334943 0.4140533333333334
1 0.44677938808373596 0.5112266666666666 0.027713365539452462 0.09456000000000002