7 0.113329307568438 0.7586933333333333 0.226658615136876 0.4037866666666667
7 0.25774959742351045 0.6329733333333334 0.1232608695652174 0.21783999999999992
7 0.9178864734299516 0.51048 0.1626167471819646 0.3100266666666666
7 0.8820289855072464 0.49088 0.16700483091787446 0.26176
7 0.8113607085346215 0.4930666666666667 0.15847020933977451 0.21680000000000002
7 0.7492149758454107 0.4967733333333333 0.1365619967793881 0.17151999999999998
7 0.34094202898550724 0.57336 0.07336553945249598 0.13781333333333334
7 0.6051006441223832 0.5639466666666667 0.08474235104669887 0.18890666666666667
7 0.575036231884058 0.5369866666666667 0.05574074074074067 0.14794666666666673
1 0.41616747181964575 0.5223466666666666 0.05874396135265703 0.09456000000000002
1 0.48451288244766505 0.4792666666666667 0.026030595813204452 0.052879999999999955
1 0.5360950080515298 0.5167733333333334 0.0419645732689211 0.09456000000000002
1 0.3817793880837359 0.5445733333333334 0.03861513687600642 0.10567999999999998