6 0.6151731078904993 0.5689066666666667 0.08530595813204503 0.30442666666666673
7 0.3548510466988728 0.6113866666666666 0.12818840579710147 0.2135466666666667
7 0.2586513687600644 0.5795466666666667 0.14747987117552333 0.26367999999999997
7 0.5205756843800322 0.5340933333333333 0.05366344605475038 0.13751999999999998
7 0.8999798711755235 0.5877466666666666 0.16944444444444448 0.2428533333333333
7 0.6610628019323671 0.4931466666666667 0.038888888888888945 0.11135999999999997
6 0.7026368760064412 0.45836 0.046143317230273796 0.13911999999999997
7 0.9526650563607085 0.5589733333333333 0.09305958132045082 0.2533066666666667
5 0.653220611916264 0.43344 0.04473429951690826 0.19568
2 0.16386070853462156 0.6430933333333333 0.21459742351046696 0.15797333333333327
7 0.10626409017713365 0.612 0.16816425120772946 0.19247999999999993
7 0.03587359098228663 0.60924 0.07174718196457326 0.15048000000000003
2 0.0456682769726248 0.6151466666666667 0.0913365539452496 0.15829333333333337
2 0.11540660225442835 0.5404 0.0540499194847021 0.12543999999999997