7 0.3793276972624799 0.5244133333333333 0.03543478260869565 0.10151999999999999
6 0.3281924315619968 0.5042 0.04393719806763285 0.10914666666666661
7 0.23386876006441226 0.5996933333333333 0.08527375201288247 0.1677599999999999
7 0.1614573268921095 0.6056133333333333 0.09524959742351048 0.15154666666666664
8 0.3541787439613526 0.5259066666666666 0.007246376811594203 0.06664000000000002
7 0.9969887278582931 0.5793866666666666 0.004412238325281819 0.36602666666666667
7 0.19860305958132046 0.5364666666666666 0.059798711755233505 0.05965333333333334
7 0.7468961352657004 0.48210666666666663 0.03316425120772951 0.058666666666666666
1 0.8162399355877616 0.4570533333333333 0.010096618357487893 0.05288000000000003
1 0.9489855072463769 0.4553066666666667 0.05674718196457328 0.06335999999999997
1 0.7910628019323671 0.45983999999999997 0.02855072463768119 0.064
1 0.4060950080515298 0.5195733333333333 0.02183574879227049 0.055679999999999986
1 0.05803542673107891 0.639 0.07887278582930758 0.08343999999999997
1 0.8719806763285024 0.45983999999999997 0.05958132045088567 0.06954666666666662