6 0.8131239935587762 0.49866666666666665 0.37214170692431564 0.9973333333333333
7 0.07442431561996779 0.7050799999999999 0.14884863123993558 0.5684533333333334
7 0.12048711755233495 0.65368 0.2409742351046699 0.37232000000000004
7 0.2456360708534622 0.57024 0.19921095008051531 0.22480000000000003
7 0.3476972624798712 0.5295466666666666 0.11645732689210954 0.12976
6 0.3473752012882448 0.48281333333333337 0.1384863123993559 0.22056000000000003
7 0.563852657004831 0.54308 0.05630434782608692 0.13533333333333333
7 0.6253864734299517 0.51388 0.07494363929146532 0.10509333333333333
2 0.620780998389694 0.5993733333333333 0.042109500805152945 0.2067466666666666
1 0.511779388083736 0.4792666666666667 0.016811594202898548 0.04733333333333333
1 0.44509661835748787 0.4695599999999999 0.05958132045088567 0.08343999999999997
1 0.48828904991948463 0.45982666666666666 0.03525764895330119 0.04178666666666671