7 0.6706642512077294 0.6337466666666668 0.12847826086956526 0.2583733333333334
7 0.9819202898550725 0.5622933333333334 0.03454911433172309 0.28869333333333336
7 0.6188929146537842 0.5760133333333333 0.07559581320450885 0.17928000000000005
7 0.4083816425120773 0.54724 0.05272141706924317 0.11608
7 0.8788929146537843 0.5479733333333333 0.17938003220611914 0.18202666666666664
7 0.4258735909822866 0.5355866666666667 0.044194847020933965 0.10018666666666665
7 0.9412479871175523 0.5663866666666666 0.11589371980676333 0.22263999999999995
7 0.5672624798711755 0.5035866666666666 0.0235265700483092 0.0770933333333334
7 0.23756038647342997 0.5434666666666667 0.08790660225442833 0.09295999999999996
1 0.509681964573269 0.49870666666666663 0.042809983896940386 0.05288000000000003
1 0.4522262479871175 0.5251066666666667 0.03190821256038647 0.08343999999999997
1 0.5360950080515298 0.47512000000000004 0.011771336553945253 0.03343999999999998