7 0.5013848631239936 0.5353333333333333 0.05011272141706925 0.15685333333333332
7 0.9064814814814814 0.7355066666666666 0.18542673107890495 0.5236533333333333
7 0.7880233494363929 0.66424 0.20538647342995173 0.41519999999999996
7 0.7148993558776168 0.5710666666666666 0.15153784219001612 0.28858666666666666
6 0.6239130434782608 0.5099866666666667 0.12132045088566833 0.21058666666666667
7 0.5858615136876006 0.5109600000000001 0.08252818035426732 0.116
7 0.553659420289855 0.48655999999999994 0.05111916264090178 0.06992
7 0.2416626409017713 0.5341466666666667 0.08380837359098228 0.13965333333333335
6 0.38735507246376816 0.4739066666666667 0.05231078904991951 0.15384
7 0.29255636070853464 0.5247066666666667 0.05701288244766506 0.10647999999999994
7 0.332073268921095 0.5167066666666666 0.04189210950080513 0.07117333333333341
7 0.3843196457326892 0.4918266666666667 0.030185185185185193 0.053626666666666704
7 0.23325684380032205 0.5193866666666667 0.04661030595813204 0.08879999999999995
1 0.4417431561996779 0.4750933333333333 0.022681159420289913 0.038986666666666676