8 0.0572697899838449 0.6750935828877006 0.06592891760904684 0.5392245989304812
8 0.4097697899838449 0.6291042780748662 0.045016155088852955 0.27804812834224596
8 0.7072374798061389 0.5564304812834224 0.026155088852988687 0.22959893048128344
8 0.3357592891760905 0.6042112299465241 0.023634894991922447 0.27275401069518723
8 0.42405492730210015 0.5715641711229946 0.023457189014539595 0.21922459893048124
8 0.6397617124394184 0.5353743315508022 0.02705169628432957 0.20588235294117646
8 0.48955573505654276 0.537379679144385 0.01720516962843301 0.16475935828877006
8 0.469426494345719 0.5272058823529412 0.013651050080775426 0.13098930481283416
6 0.8522253634894993 0.49866310160427807 0.2939337641357027 0.9973262032085561
1 0.54031098546042 0.5181550802139038 0.0654846526655897 0.10288770053475933
1 0.4454846526655897 0.5389973262032085 0.026882067851373162 0.11676470588235291