7 0.852242351046699 0.7723866666666667 0.2939049919484702 0.44989333333333337
7 0.6977777777777778 0.65796 0.14987117552334941 0.3159733333333334
7 0.37479468599033816 0.56924 0.07206924315619967 0.1585333333333333
7 0.9767230273752014 0.6086533333333334 0.044943639291465325 0.2585333333333334
7 0.4046135265700483 0.5484933333333334 0.053333333333333295 0.12728000000000006
7 0.5737600644122383 0.51168 0.030917874396135248 0.09114666666666668
7 0.4248429951690821 0.5418000000000001 0.04115136876006442 0.09272000000000002
7 0.4388083735909823 0.53072 0.036892109500805105 0.08389333333333336
7 0.16428341384863124 0.5538133333333334 0.11729468599033817 0.11903999999999997
1 0.5008735909822867 0.49316 0.04532206119162638 0.052879999999999955
1 0.27526167471819646 0.5098266666666667 0.05706119162640902 0.04733333333333333
1 0.5381964573268921 0.47650666666666663 0.01093397745571662 0.030666666666666665