7 0.49406526994359384 0.5622473404255319 0.06895245769540688 0.20726063829787236
7 0.05982272360999194 0.6736835106382979 0.11964544721998388 0.31327127659574466
7 0.13856164383561645 0.7433643617021276 0.2771232876712329 0.5079521276595745
7 0.3491055600322321 0.5667686170212766 0.0723771152296535 0.15125000000000002
7 0.2803102336825141 0.545625 0.07605962933118451 0.1344946808510638
7 0.3958340048348106 0.5296941489361702 0.049508460918614064 0.10789893617021275
2 0.41981869460112814 0.45444148936170214 0.05689766317485895 0.1929255319148936
2 0.45071313456889606 0.45832446808510635 0.023473005640612405 0.10632978723404253
7 0.07051168412570508 0.5925398936170213 0.14102336825141015 0.1981117021276596
7 0.17671232876712328 0.5481781914893618 0.08721998388396456 0.1294414893617021
6 0.3269057211925866 0.4990159574468085 0.039580983078162775 0.08781914893617017
7 0.542989524576954 0.4986968085106383 0.016873489121676112 0.038882978723404266