8 0.573766339869281 0.4805 0.013071895424836602 0.1559189189189189
8 0.2371486928104575 0.5177432432432433 0.0356699346405229 0.323918918918919
8 0.8872916666666667 0.6913783783783783 0.08850490196078425 0.6118378378378379
8 0.8815522875816993 0.6688648648648648 0.1364705882352941 0.656864864864865
8 0.8000898692810458 0.6889324324324324 0.10212418300653595 0.6167297297297297
8 0.8716993464052288 0.6763918918918919 0.21944444444444447 0.6418108108108108
8 0.49882352941176467 0.5294324324324324 0.032679738562091505 0.292
8 0.5357352941176471 0.5122432432432432 0.03104575163398693 0.30502702702702705
8 0.4782802287581699 0.4999324324324324 0.025596405228758203 0.24310810810810807
8 0.45766748366013066 0.5022297297297297 0.025874183006535913 0.2484594594594594
8 0.5240073529411765 0.49360810810810807 0.031756535947712425 0.20316216216216212
8 0.37550653594771244 0.5071351351351351 0.02369281045751634 0.254972972972973
8 0.399468954248366 0.5086756756756757 0.0196078431372549 0.21318918918918917
8 0.42066176470588235 0.48887837837837833 0.02369281045751634 0.23851351351351352
8 0.44565767973856213 0.5117837837837839 0.019338235294117708 0.1982162162162162
6 0.10931781045751635 0.49864864864864866 0.2186356209150327 0.9972972972972973
1 0.352234477124183 0.4556351351351351 0.020171568627450977 0.1500810810810811
1 0.2968218954248366 0.4473108108108108 0.055441176470588244 0.10008108108108109
1 0.791172385620915 0.3681351351351352 0.4143872549019608 0.09729729729729733