8 0.5506127450980393 0.4699729729729729 0.016879084967320237 0.1532972972972973
8 0.2271732026143791 0.5416081081081081 0.030506535947712445 0.3286216216216216
8 0.9281576797385621 0.6631216216216216 0.14205065359477115 0.6683513513513514
8 0.6875122549019608 0.6345 0.06835784313725496 0.5189459459459459
8 0.6174918300653595 0.6533513513513514 0.05282679738562089 0.5119999999999999
8 0.7863276143790849 0.6501081081081082 0.07379901960784317 0.550054054054054
8 0.8691993464052288 0.6632297297297297 0.06209150326797386 0.5281891891891892
8 0.7423692810457516 0.5387972972972973 0.026143790849673203 0.20900000000000005
8 0.43798611111111113 0.6319999999999999 0.05365196078431369 0.48843243243243245
8 0.4723039215686275 0.6243783783783783 0.03594771241830065 0.3935675675675675
8 0.5020833333333333 0.5956621621621622 0.03975490196078429 0.43321621621621625
8 0.5364460784313726 0.6181351351351351 0.03622549019607837 0.35291891891891897
8 0.5603227124183007 0.5784459459459459 0.03703431372549023 0.3827837837837837
8 0.42188316993464053 0.5153378378378378 0.02914215686274511 0.2675405405405405
8 0.4787826797385621 0.5198648648648649 0.03583333333333334 0.24805405405405406
8 0.5095792483660131 0.5107027027027027 0.040236928104575166 0.2682162162162162
8 0.5585498366013072 0.510527027027027 0.036887254901960764 0.2537567567567568
6 0.10921568627450981 0.49864864864864866 0.21843137254901962 0.9972972972972973
1 0.27876633986928107 0.5181216216216216 0.05795751633986928 0.23618918918918924
1 0.6897916666666666 0.37367567567567567 0.3476552287581699 0.09729729729729726