7 0.4266317485898469 0.5093351063829787 0.017824335213537473 0.04734042553191485
7 0.4839846897663175 0.567845744680851 0.06922643029814672 0.18478723404255318
7 0.08228444802578565 0.7512632978723405 0.1645688960515713 0.43694148936170213
6 0.0594842868654311 0.5859707446808511 0.1189685737308622 0.2994414893617021
7 0.2049798549556809 0.6194813829787233 0.12346494762288476 0.2219414893617021
7 0.3936341659951652 0.5461170212765958 0.042352941176470545 0.13010638297872346
7 0.26924657534246577 0.5586037234042553 0.07058017727639003 0.13476063829787238
7 0.19117244157937147 0.5569148936170212 0.08132957292506042 0.1295744680851064
7 0.3172965350523771 0.5299867021276596 0.038106365834004854 0.08513297872340424
6 0.23281224818694599 0.5153856382978723 0.05900080580177274 0.12486702127659571
7 0.3342546333601934 0.520904255319149 0.029153908138597865 0.06744680851063826
6 0.35217566478646256 0.4924601063829787 0.02304593070104756 0.08795212765957446
2 0.392522159548751 0.4848138297872341 0.02755842062852542 0.10664893617021275