8 0.1888083735909823 0.49450666666666665 0.014766505636070834 0.13098666666666667
7 0.19065619967793881 0.47561333333333333 0.05899355877616748 0.14632
7 0.23611916264090177 0.49011999999999994 0.05697262479871175 0.10583999999999999
7 0.2925644122383253 0.48112000000000005 0.06520933977455717 0.09002666666666671
6 0.43678743961352656 0.4671066666666667 0.05864734299516906 0.10674666666666667
7 0.46058373590982293 0.47036 0.04392109500805159 0.07085333333333331
7 0.49716586151368763 0.46828 0.046022544283413826 0.07367999999999998
7 0.5245974235104669 0.4736266666666667 0.04979066022544286 0.05711999999999997
7 0.5488123993558777 0.4733866666666666 0.03619162640901775 0.05727999999999997
7 0.5681320450885669 0.47261333333333333 0.04112721417069237 0.05381333333333335
7 0.5897181964573268 0.46818666666666664 0.04729468599033817 0.0554666666666667
6 0.6229790660225443 0.45285333333333333 0.04834138486312396 0.07567999999999998
7 0.6412962962962963 0.4602933333333334 0.04243156199677942 0.05093333333333332
7 0.6570048309178744 0.4599333333333333 0.03673107890499186 0.046320000000000014
1 0.3708132045088567 0.43696 0.0231561996779388 0.038720000000000025
1 0.10961352657004832 0.4429866666666667 0.0976328502415459 0.06805333333333329
1 0.7140378421900161 0.42833333333333334 0.0710708534621578 0.10429333333333336
1 0.9299033816425121 0.41281333333333337 0.12679549114331726 0.11464000000000002
1 0.7671578099838969 0.43345333333333336 0.01093397745571662 0.08343999999999997