7 0.7568236714975847 0.5493466666666666 0.2619243156199678 0.30450666666666676
7 0.9580676328502417 0.44204 0.08225442834138492 0.11586666666666671
7 0.9408252818035427 0.4482 0.11388888888888893 0.10792
7 0.34477455716586153 0.5674133333333333 0.06557165861513688 0.15866666666666668
7 0.418683574879227 0.54768 0.05640096618357484 0.14240000000000003
7 0.6792149758454107 0.4617466666666667 0.10099033816425117 0.1262133333333333
7 0.768425925925926 0.44854666666666665 0.050797101449275295 0.09095999999999996
6 0.8589331723027376 0.42689333333333335 0.058558776167471835 0.10664000000000003
7 0.8010185185185186 0.45084 0.05567632850241553 0.08258666666666667
7 0.37123590982286636 0.5501733333333333 0.05540257648953301 0.11938666666666661
7 0.5344363929146537 0.5037066666666666 0.03383252818035425 0.07759999999999999
7 0.48884057971014494 0.5090933333333334 0.02347826086956528 0.06224000000000001
1 0.5645611916264089 0.5007866666666667 0.020024154589371984 0.055973333333333285