7 0.8502979066022543 0.7715733333333334 0.2977938808373591 0.45152
7 0.6236070853462158 0.6021866666666666 0.10908212560386475 0.2877333333333333
7 0.16675925925925927 0.6198 0.25762479871175525 0.2917066666666667
7 0.23365942028985506 0.5851733333333333 0.1869001610305958 0.24021333333333336
7 0.24738325281803542 0.5522 0.14413848631239934 0.24605333333333337
7 0.27685185185185185 0.5604266666666667 0.12059581320450888 0.15525333333333333
7 0.3323228663446055 0.5426799999999999 0.10652979066022544 0.1346933333333333
7 0.35356280193236717 0.5395733333333333 0.09770531400966186 0.13050666666666666
7 0.3543719806763285 0.5189066666666666 0.07801932367149757 0.12768
7 0.3638687600644122 0.51748 0.09598228663446053 0.11725333333333333
7 0.3973671497584541 0.48102666666666666 0.062351046698872786 0.09634666666666665
0 0.4657326892109501 0.4848266666666667 0.005619967793880761 0.048480000000000016
7 0.5519202898550724 0.5352 0.041553945249597435 0.10927999999999997
7 0.5141787439613527 0.4886 0.018502415458937212 0.04733333333333333
1 0.4421578099838969 0.47750666666666663 0.028357487922705336 0.06461333333333338
1 0.4908615136876006 0.46284 0.02679549114331721 0.05597333333333336