8 0.656142972536349 0.714692513368984 0.06758481421647816 0.5652673796791444
8 0.738331987075929 0.6986229946524063 0.08669628432956385 0.5974064171122995
8 0.19130856219709205 0.7140106951871656 0.061389337641357004 0.5430481283422459
8 0.5315549273021002 0.5613368983957219 0.023691437802907948 0.24497326203208558
8 0.5961147011308562 0.5468582887700535 0.025315024232633213 0.21072192513368984
8 0.9301252019386106 0.5594786096256684 0.06488691437802921 0.3116310160427807
8 0.9308077544426495 0.5283823529411765 0.061663974151857766 0.29200534759358293
8 0.7457673667205169 0.531216577540107 0.030420032310177772 0.22767379679144387
8 0.4488852988691438 0.5291978609625669 0.011712439418416801 0.12427807486631014
7 0.40644991922455576 0.5165909090909091 0.05215670436187403 0.15232620320855614
6 0.433889337641357 0.4999331550802139 0.04984652665589659 0.10548128342245987
1 0.1445032310177706 0.6128208556149732 0.028877221324717286 0.21799465240641705
1 0.562988691437803 0.5343983957219252 0.03668820678513738 0.11628342245989308
1 0.47835621970920833 0.4818048128342246 0.02679321486268171 0.0731818181818182