7 0.34238325281803544 0.5836533333333334 0.05748792270531399 0.1274666666666667
7 0.5527576489533012 0.5303333333333333 0.044774557165861525 0.11239999999999994
7 0.3705555555555556 0.56332 0.04698872785829308 0.10002666666666664
7 0.39828904991948466 0.5358533333333333 0.035032206119162586 0.09378666666666663
7 0.40983091787439613 0.5253733333333332 0.02909822866344609 0.07341333333333333
6 0.8725483091787439 0.41735999999999995 0.08318035426731074 0.1261333333333333
7 0.03342995169082126 0.6132933333333334 0.06685990338164252 0.10215999999999993
7 0.0665378421900161 0.6134400000000001 0.08120772946859903 0.10090666666666667
7 0.10615942028985506 0.6061333333333334 0.08650563607085346 0.10986666666666671
1 0.4731481481481482 0.5076933333333333 0.09346215780998393 0.09048000000000002
1 0.9424235104669887 0.39125333333333334 0.09450885668276982 0.15776000000000004
1 0.6434702093397746 0.4559333333333333 0.12784219001610314 0.05597333333333336