8 0.49234248788368334 0.5363235294117648 0.02754442649434574 0.1961764705882353
8 0.4946809369951534 0.5327807486631015 0.01508077544426491 0.21935828877005345
8 0.7848303715670436 0.696711229946524 0.06946688206785137 0.6012299465240643
8 0.47103392568659125 0.557312834224599 0.035541195476575124 0.2728609625668449
7 0.37624798061389336 0.5400802139037434 0.14580775444264937 0.37069518716577543
6 0.44183764135702747 0.5187433155080213 0.07428917609046852 0.23090909090909087
3 0.8567366720516962 0.6657085561497326 0.07258481421647811 0.33339572192513367
3 0.7907390953150242 0.6475267379679144 0.062253634894991965 0.3027005347593582
1 0.7210662358642973 0.601644385026738 0.040339256865912713 0.23008021390374334
1 0.6197617124394184 0.49561497326203213 0.01794022617124397 0.12491978609625669
1 0.5452867528271406 0.48009358288770054 0.08044426494345722 0.10767379679144387