0 0.6892687908496732 0.5387837837837838 0.05901143790849675 0.29524324324324325
8 0.7461478758169935 0.6255405405405405 0.0656290849673203 0.5388108108108107
8 0.7350408496732027 0.4916756756756757 0.025081699346405174 0.15935135135135137
8 0.5464011437908497 0.566445945945946 0.04139705882352938 0.29029729729729736
8 0.5009558823529412 0.5536621621621622 0.04357843137254905 0.2797567567567568
8 0.5032230392156862 0.5493243243243243 0.04384803921568624 0.31216216216216214
8 0.7424591503267973 0.5081621621621621 0.04084967320261438 0.18929729729729727
8 0.9102941176470588 0.5132972972972973 0.0196078431372549 0.21254054054054058
8 0.9466094771241831 0.5073783783783784 0.024509803921568627 0.24324324324324326
8 0.9159477124183005 0.5153108108108108 0.021241830065359478 0.19916216216216215
6 0.5035294117647058 0.459 0.014656862745097992 0.05405405405405406
1 0.4517401960784314 0.47645945945945944 0.007581699346405299 0.0472972972972973