7 0.10567230273752014 0.69932 0.21134460547504028 0.5960266666666666
7 0.3302093397745572 0.61012 0.1413526570048309 0.31149333333333334
7 0.8390660225442833 0.7283466666666667 0.3202576489533011 0.5379733333333333
7 0.6887238325281804 0.6410133333333333 0.12842995169082125 0.31514666666666674
7 0.5200080515297906 0.5371466666666667 0.07721417069243154 0.14458666666666667
6 0.8584541062801931 0.45252 0.08879227053140094 0.15896000000000005
6 0.7889653784219002 0.4613866666666666 0.07623993558776172 0.13925333333333334
7 0.5607487922705314 0.49250666666666665 0.040241545893719824 0.08351999999999998
5 0.6605837359098228 0.4182666666666667 0.03812399355877619 0.10997333333333335
1 0.23904186795491142 0.5059600000000001 0.0366988727858293 0.05943999999999998
1 0.6028421900161031 0.4593733333333333 0.043462157809983915 0.10082666666666659
1 0.449975845410628 0.4757733333333334 0.08982286634460547 0.0646133333333333
1 0.7249798711755233 0.4300533333333333 0.048156199677938855 0.052533333333333376