7 0.49430756843800316 0.52456 0.03723027375201289 0.11669333333333332
7 0.8873631239935588 0.7273999999999999 0.2236634460547504 0.5398666666666666
7 0.7589814814814815 0.6450133333333333 0.20351851851851852 0.3438400000000001
7 0.3870128824476651 0.5166133333333334 0.033816425120772944 0.06810666666666665
7 0.1043438003220612 0.7070133333333333 0.2086876006441224 0.3566933333333333
7 0.6158454106280193 0.5317333333333333 0.10735909822866338 0.15226666666666666
7 0.5760265700483091 0.51664 0.07984702093397743 0.10592
6 0.5473148148148149 0.48988 0.05905797101449277 0.09101333333333339
7 0.3545209339774557 0.50212 0.03414653784218999 0.07079999999999996
7 0.3707608695652174 0.49626666666666663 0.02752818035426731 0.060160000000000005
7 0.40924718196457327 0.48933333333333334 0.01894524959742349 0.037653333333333344
7 0.33092190016103057 0.49971999999999994 0.021650563607085335 0.052400000000000016
1 0.44242351046698875 0.46025333333333335 0.043462157809983915 0.0853066666666667