7 0.4941539081385979 0.5653989361702128 0.06972602739726025 0.2095744680851064
7 0.03217163577759871 0.6766888297872341 0.06434327155519742 0.3056117021276596
7 0.11510878323932312 0.7455585106382978 0.23021756647864625 0.503563829787234
7 0.33587832393231265 0.5740957446808511 0.08137792103142627 0.16622340425531915
7 0.2664665592264303 0.5531648936170213 0.08340854149879129 0.14441489361702123
7 0.3898549556809025 0.5327925531914893 0.05332796132151487 0.11473404255319153
2 0.41665592264302986 0.45091755319148935 0.06006446414182113 0.20279255319148937
2 0.44941982272361003 0.45735372340425534 0.024238517324738057 0.10901595744680853
7 0.05521756647864626 0.599561170212766 0.11043513295729251 0.2111968085106383
7 0.15282433521353747 0.551529255319149 0.0974617244157937 0.13928191489361702
6 0.32095487510072523 0.4995877659574468 0.04157131345688963 0.09114361702127655
7 0.5498066075745366 0.5012765957446809 0.017340854149879206 0.03872340425531916