2 0.04944041867954912 0.5466266666666667 0.07282608695652174 0.13479999999999995
7 0.09848228663446054 0.5679866666666666 0.11606280193236714 0.13554666666666662
6 0.19355475040257647 0.5134266666666667 0.06448470209339775 0.09826666666666665
2 0.23467793880837362 0.51724 0.02705314009661833 0.06605333333333328
7 0.3200966183574879 0.5159466666666667 0.03276972624798716 0.06485333333333332
7 0.28956119162640903 0.5238133333333334 0.041537842190016126 0.06261333333333331
7 0.36444847020933974 0.5093733333333333 0.025885668276972654 0.051866666666666714
1 0.39607085346215776 0.4947600000000001 0.024718196457326883 0.043919999999999994
1 0.47263687600644133 0.48526666666666673 0.04659420289855073 0.024933333333333318
1 0.5512801932367151 0.50424 0.01117552334943639 0.0732266666666666
1 0.6067471819645732 0.4982 0.08565217391304347 0.05426666666666665
1 0.5327415458937198 0.49038666666666664 0.011779388083735905 0.05288000000000003