7 0.503341384863124 0.5612533333333334 0.061996779388083734 0.19402666666666665
7 0.9622222222222222 0.6999200000000001 0.07394524959742345 0.5948266666666667
6 0.712524154589372 0.5665466666666666 0.18839774557165861 0.3916
7 0.6239613526570048 0.5364 0.11275362318840577 0.16992
7 0.5693317230273752 0.49590666666666666 0.061771336553945275 0.08605333333333329
7 0.5488607085346215 0.49135999999999996 0.04169887278582937 0.06410666666666665
7 0.12160628019323672 0.5772666666666667 0.15181159420289855 0.21309333333333333
6 0.19129227053140094 0.5172533333333333 0.21950885668276973 0.4773866666666668
7 0.2280595813204509 0.5508933333333333 0.0861352657004831 0.14402666666666664
7 0.29022946859903387 0.5360933333333333 0.057302737520128835 0.09197333333333335
7 0.3646940418679549 0.5050266666666666 0.03533011272141707 0.06301333333333332
7 0.3808132045088567 0.4938266666666667 0.02619967793880839 0.06824000000000001
7 0.4052133655394525 0.4876133333333334 0.02557971014492752 0.04909333333333332
7 0.4370088566827698 0.4838933333333333 0.024871175523349425 0.03727999999999997
7 0.933196457326892 0.5300933333333333 0.12186795491143328 0.10103999999999996
7 0.15729066022544286 0.5392666666666667 0.06780193236714976 0.11640000000000002
1 0.33695652173913043 0.4835466666666666 0.018985507246376845 0.052533333333333376