7 0.1052938808373591 0.78416 0.2105877616747182 0.42634666666666665
7 0.8906441223832529 0.7747066666666667 0.21710144927536232 0.44525333333333333
7 0.7268156199677939 0.7489733333333334 0.25799516908212566 0.4855733333333334
7 0.24030595813204508 0.7417333333333332 0.23027375201288244 0.41813333333333336
7 0.33473832528180353 0.6181066666666667 0.09408212560386475 0.22698666666666675
7 0.38 0.5832666666666667 0.0701932367149758 0.16056
7 0.6247141706924315 0.6005466666666667 0.10949275362318842 0.23335999999999998
7 0.5887761674718196 0.5554666666666667 0.06452495974235103 0.16
7 0.772938808373591 0.49933333333333335 0.10373590982286637 0.15376000000000006
7 0.5327697262479871 0.5136533333333333 0.03249597423510468 0.07450666666666667
7 0.49327294685990336 0.51212 0.026175523349436385 0.04994666666666664
7 0.46780193236714973 0.4982266666666667 0.031014492753623175 0.04397333333333336
0 0.42426328502415456 0.4990133333333333 0.013872785829307491 0.05151999999999998
1 0.39163848631239934 0.4585333333333333 0.030442834138486315 0.047360000000000055