7 0.03302737520128825 0.8045599999999999 0.0660547504025765 0.3855466666666667
7 0.13611111111111113 0.72912 0.22626409017713364 0.36144
7 0.2572423510466989 0.6363066666666667 0.11358293075684377 0.22189333333333344
7 0.3219766505636071 0.59272 0.07739935587761675 0.15066666666666667
7 0.8065700483091788 0.48248 0.16809983896940425 0.20127999999999996
7 0.7603824476650564 0.47216 0.10738325281803543 0.18074666666666667
7 0.7242149758454106 0.47701333333333334 0.11013687600644119 0.15722666666666668
7 0.9880515297906601 0.3984533333333333 0.022286634460547555 0.12597333333333333
7 0.68158615136876 0.48319999999999996 0.10032206119162643 0.13008
7 0.37024557165861516 0.55584 0.05359903381642511 0.108
7 0.5734178743961352 0.5352666666666667 0.05751207729468595 0.13698666666666667
7 0.5566344605475041 0.52164 0.04185185185185187 0.11575999999999999
1 0.41910225442834137 0.5195599999999999 0.05454911433172303 0.08343999999999997
1 0.4870330112721417 0.48203999999999997 0.022681159420289913 0.05288000000000003
1 0.5277093397745571 0.5042800000000001 0.0352576489533011 0.07511999999999996