7 0.863365539452496 0.76644 0.271658615136876 0.4617866666666666
7 0.09098228663446055 0.7026533333333334 0.1819645732689211 0.4030666666666667
7 0.19620772946859905 0.6031333333333334 0.195426731078905 0.23597333333333337
7 0.25674718196457325 0.5880133333333333 0.1834782608695652 0.2041866666666667
7 0.2777415458937198 0.5684400000000001 0.1526489533011272 0.17656000000000002
7 0.7132085346215782 0.6934266666666666 0.19037842190016097 0.4247733333333334
7 0.5773631239935588 0.5570933333333333 0.05617552334943638 0.1306133333333334
7 0.33018115942028986 0.562 0.10983091787439615 0.15055999999999994
6 0.34743961352657005 0.5406133333333334 0.09262479871175525 0.15263999999999994
7 0.6256441223832527 0.5313333333333333 0.08351046698872779 0.09061333333333338
6 0.529098228663446 0.48324 0.02735909822866346 0.09581333333333335
7 0.4124838969404187 0.5078133333333333 0.05681964573268925 0.06351999999999998
7 0.42591384863123993 0.4977733333333334 0.051199677938808356 0.07058666666666666
6 0.5176086956521739 0.4750933333333333 0.019549114331723006 0.07738666666666662
1 0.4801892109500805 0.47318666666666664 0.05128019323671502 0.05943999999999998