7 0.48975845410628016 0.54896 0.04661835748792269 0.12629333333333329
7 0.04710144927536232 0.7283466666666667 0.09420289855072464 0.5379733333333333
7 0.28664653784219 0.5864266666666668 0.13535426731078906 0.19157333333333343
7 0.3284138486312399 0.57592 0.10816425120772945 0.15045333333333338
7 0.35805152979066024 0.5394933333333334 0.07027375201288243 0.11285333333333332
7 0.43152576489533007 0.5532933333333334 0.049412238325281806 0.10802666666666672
6 0.6389009661835748 0.5382266666666667 0.15775362318840586 0.45181333333333334
7 0.5721578099838969 0.5545866666666667 0.06552334943639292 0.15135999999999997
7 0.5187399355877617 0.5058266666666666 0.021747181964573262 0.05613333333333336
7 0.14883655394524958 0.59996 0.1280917874396135 0.1873866666666667
6 0.22842995169082128 0.5315733333333332 0.11294685990338167 0.21792
7 0.490475040257649 0.5228933333333333 0.03143317230273758 0.09501333333333332
7 0.11474637681159419 0.5547333333333333 0.08699677938808373 0.12264000000000003
0 0.02983896940418679 0.5556000000000001 0.047793880837359096 0.13343999999999998
1 0.042564412238325286 0.80704 0.08512882447665057 0.3752533333333333