7 0.8907206119162642 0.644 0.2169484702093398 0.7066666666666667
7 0.2992431561996779 0.5993999999999999 0.10468599033816428 0.23202666666666658
7 0.32721819645732686 0.65104 0.17756038647342992 0.37471999999999994
7 0.7470933977455716 0.45896000000000003 0.13404186795491144 0.16224
7 0.8381441223832528 0.4394 0.06646537842190012 0.1105333333333333
6 0.9500161030595814 0.41796000000000005 0.08236714975845406 0.13047999999999993
7 0.8760185185185184 0.4429333333333334 0.0753864734299516 0.10026666666666666
7 0.38311594202898547 0.5421333333333334 0.04911433172302738 0.10890666666666668
7 0.35193236714975845 0.5655600000000001 0.0734621578099839 0.15730666666666668
7 0.5577898550724638 0.5053466666666666 0.04012077294685994 0.0934666666666667
7 0.5018478260869565 0.5092800000000001 0.027640901771336587 0.07157333333333334
7 0.47793478260869565 0.47508 0.030829307568437974 0.04157333333333327
1 0.4307004830917875 0.5042399999999999 0.025233494363929174 0.09392