7 0.41553988718775176 0.5122207446808511 0.01721998388396455 0.047047872340425526
7 0.45740934730056404 0.5566090425531914 0.057800161160354566 0.163218085106383
7 0.09338436744560838 0.6982978723404255 0.18676873489121676 0.34617021276595744
7 0.3735173247381144 0.5528723404255319 0.04772763900080577 0.14590425531914897
7 0.21593875906526996 0.5828989361702128 0.09863013698630138 0.17010638297872344
7 0.13284448025785658 0.5754654255319149 0.10965350523771153 0.15433510638297865
7 0.29048751007252216 0.5411702127659574 0.04716357775987105 0.09904255319148932
6 0.1972884770346495 0.5246143617021276 0.07156325543916196 0.1411436170212766
7 0.3144399677679291 0.5258244680851063 0.03452054794520546 0.07537234042553193
7 0.2496857373086221 0.5273271276595745 0.03663174858984688 0.06992021276595743
6 0.3399516518936342 0.4916489361702128 0.025253827558420653 0.09521276595744677
2 0.3773851732473812 0.4849867021276596 0.029983883964544704 0.1134308510638298