8 0.05220996732026144 0.6661756756756757 0.0917892156862745 0.5253243243243243
8 0.18308823529411763 0.5474189189189189 0.029967320261437915 0.26602702702702696
8 0.16549836601307188 0.5356756756756756 0.030996732026143788 0.2592432432432432
0 0.6812377450980392 0.5555405405405406 0.04180555555555552 0.2923783783783783
8 0.5035130718954248 0.5479459459459459 0.025718954248366028 0.194
2 0.4417401960784314 0.502418918918919 0.014624183006535929 0.12483783783783783
0 0.4060906862745098 0.5071486486486486 0.02084150326797385 0.13727027027027025
8 0.07293300653594773 0.641 0.05380718954248366 0.4378378378378379
8 0.6449795751633987 0.49417567567567566 0.013112745098039271 0.15024324324324317
8 0.5681127450980392 0.47458108108108116 0.009722222222222297 0.09467567567567568
8 0.5391339869281045 0.487972972972973 0.007598039215686237 0.09783783783783788
8 0.5509354575163399 0.47905405405405405 0.008733660130718999 0.09789189189189197
8 0.6021241830065359 0.46814864864864864 0.00950980392156871 0.0950540540540541
8 0.6127941176470588 0.46763513513513505 0.010882352941176511 0.10229729729729728
1 0.4720996732026144 0.45766216216216216 0.02366013071895428 0.04899999999999999