7 0.5127979066022544 0.5447066666666667 0.05490338164251212 0.14776
8 0.7476127214170694 0.5080933333333333 0.024694041867954878 0.18082666666666666
7 0.8740660225442836 0.4969466666666667 0.11125603864734304 0.10520000000000004
7 0.3297584541062802 0.5125866666666666 0.039549114331723034 0.07786666666666664
0 0.6229508856682769 0.49145333333333335 0.03938003220611914 0.10194666666666664
6 0.5393276972624799 0.4836666666666667 0.029943639291465422 0.10701333333333332
8 0.4368035426731079 0.4986133333333334 0.008051529790660225 0.1062933333333333
7 0.4882326892109501 0.5133733333333333 0.034452495974235074 0.10413333333333329
1 0.3814855072463768 0.47922666666666663 0.06533816425120771 0.06805333333333335
1 0.586171497584541 0.44989333333333326 0.0320048309178744 0.06805333333333335
1 0.45348228663446055 0.48205333333333333 0.024355877616747183 0.064