7 0.4935777598710717 0.5171542553191489 0.018726833199033045 0.05143617021276597
7 0.14949234488315874 0.7296808510638298 0.24826752618855763 0.45771276595744687
6 0.07553585817888799 0.6028457446808511 0.15107171635777597 0.321595744680851
7 0.6524375503626108 0.6615292553191489 0.1609750201450443 0.3515691489361702
7 0.32510878323932313 0.5881648936170212 0.07991941982272362 0.16680851063829788
6 0.23120467365028205 0.5506781914893617 0.10463336019339245 0.18981382978723405
7 0.36883158742949235 0.5606648936170213 0.052393231265108815 0.12031914893617024
7 0.46797340854149877 0.5346542553191489 0.034609186140209545 0.10648936170212771
7 0.30711522965350524 0.5398138297872341 0.05350523771152295 0.09914893617021277
7 0.4042103142626914 0.5243218085106383 0.023940370668815502 0.06561170212765954
6 0.3355842062852538 0.5136303191489362 0.040483481063658344 0.09816489361702134
6 0.421027397260274 0.49268617021276595 0.016833199033037954 0.07393617021276598
2 0.4557896857373086 0.4867553191489361 0.024149879129734108 0.094468085106383