7 0.9465686274509804 0.5659459459459459 0.1052287581699346 0.1384864864864865
7 0.8943668300653594 0.563027027027027 0.1015441176470588 0.13178378378378375
7 0.8258578431372549 0.562054054054054 0.09465686274509805 0.14194594594594598
7 0.5061519607843137 0.5075945945945946 0.02782679738562087 0.08194594594594592
0 0.45411764705882357 0.5745540540540541 0.05490196078431376 0.2552162162162162
0 0.5060539215686275 0.5535675675675675 0.056650326797385644 0.2483243243243243
0 0.38843545751633984 0.512445945945946 0.019991830065359498 0.11586486486486487
8 0.1553513071895425 0.46664864864864863 0.014150326797385615 0.1282162162162162
8 0.08517973856209149 0.5262162162162162 0.03447712418300654 0.25189189189189193
8 0.20080882352941176 0.49593243243243246 0.018856209150326785 0.15559459459459457
8 0.17444035947712416 0.488081081081081 0.01912581699346405 0.15783783783783786
8 0.5673651960784314 0.6197837837837837 0.04414215686274508 0.4125405405405405
8 0.6045057189542483 0.6018243243243243 0.05402777777777777 0.38981081081081087
8 0.6693300653594771 0.612581081081081 0.09898692810457523 0.45370270270270263
8 0.9525857843137256 0.6908108108108107 0.0931944444444444 0.612972972972973
8 0.6633455882352941 0.6480405405405405 0.06391339869281037 0.5036486486486487
1 0.3494403594771242 0.46455405405405403 0.012720588235294112 0.0868918918918919