7 0.23703703703703702 0.7225333333333332 0.2069243156199678 0.38367999999999997
7 0.09671900161030596 0.7667733333333334 0.19343800322061191 0.46112
7 0.7022705314009662 0.55884 0.1233333333333333 0.2272266666666666
7 0.3521376811594203 0.6033466666666667 0.09672302737520129 0.2179466666666667
7 0.40468599033816427 0.56684 0.05637681159420289 0.13933333333333334
7 0.42187198067632853 0.5525733333333334 0.04651368760064415 0.11416000000000001
7 0.5543236714975845 0.53872 0.04381642512077291 0.12405333333333336
7 0.6947624798711755 0.5145333333333333 0.1455797101449275 0.16026666666666664
7 0.5698913043478261 0.5312133333333333 0.05018518518518522 0.10120000000000004
7 0.5994484702093399 0.5130533333333334 0.052037037037037034 0.09432000000000001
7 0.5717874396135265 0.469 0.03199677938808374 0.03474666666666659
1 0.43210144927536237 0.5209466666666667 0.05706924315619968 0.08066666666666666