7 0.9259339774557166 0.7620266666666666 0.14652173913043479 0.47061333333333333
7 0.0990901771336554 0.6971200000000001 0.1981803542673108 0.43226666666666674
7 0.5290056360708535 0.5268533333333333 0.028993558776167463 0.06965333333333334
7 0.38237520128824476 0.5244133333333333 0.0799194847020934 0.09650666666666666
7 0.6290056360708535 0.5506266666666667 0.09979871175523353 0.12322666666666669
7 0.3023752012882448 0.5498799999999999 0.1363607085346216 0.1849333333333333
7 0.2678220611916264 0.5941066666666667 0.17347020933977458 0.20842666666666665
7 0.14485104669887278 0.6587733333333333 0.28970209339774555 0.3292266666666666
7 0.7403904991948471 0.5969333333333334 0.15910628019323672 0.2133333333333334
7 0.7890700483091787 0.6241866666666667 0.1912801932367149 0.23152000000000006
1 0.4692431561996779 0.49473333333333336 0.08877616747181964 0.09565333333333334