8 0.4980008077544426 0.5501604278074866 0.018150242326332815 0.16016042780748665
8 0.5106785137318256 0.5469786096256685 0.01912762520193857 0.18347593582887703
8 0.02697495961227787 0.6950935828877005 0.05394991922455574 0.38537433155080203
8 0.11864701130856219 0.7292780748663101 0.08645395799676898 0.536096256684492
8 0.703416801292407 0.6563502673796792 0.06127625201938612 0.48874331550802136
8 0.8889135702746365 0.6832219251336898 0.10251211631663981 0.6282085561497326
8 0.44203150242326333 0.5562700534759358 0.02278675282714058 0.19355614973262036
7 0.35607835218093703 0.5652540106951872 0.11635702746365106 0.2956417112299465
6 0.4095193861066236 0.5341711229946524 0.0642407108239095 0.19925133689839566
3 0.6666437802907916 0.6033823529411765 0.040234248788368385 0.22002673796791442
1 0.4580735056542811 0.5014839572192513 0.020169628432956402 0.07510695187165776