7 0.14224235104669886 0.72448 0.2101690821256039 0.36965333333333333
7 0.3577979066022544 0.61912 0.09390499194847021 0.22368000000000007
7 0.24968599033816427 0.63964 0.12466988727858291 0.24066666666666667
0 0.6942753623188406 0.5938933333333334 0.09571658615136876 0.26149333333333336
7 0.9441264090177134 0.5387466666666667 0.11013687600644119 0.2682133333333333
0 0.9871376811594204 0.7112266666666666 0.02411433172302741 0.5722133333333334
2 0.9308333333333334 0.8073733333333333 0.13672302737520126 0.34952000000000005
0 0.7622141706924316 0.6122666666666666 0.1121900161030596 0.30325333333333326
7 0.42944444444444446 0.5318 0.03222222222222221 0.09325333333333333
7 0.5479589371980677 0.52412 0.07351851851851857 0.09586666666666671
7 0.5193961352657005 0.5063066666666667 0.05091787439613527 0.07042666666666665
6 0.4053864734299517 0.5452533333333334 0.05685990338164247 0.17066666666666666
1 0.47081320450885666 0.48956 0.042946859903381575 0.06114666666666668