7 0.9426610305958131 0.6763733333333333 0.1130676328502416 0.64192
7 0.9579428341384862 0.6837466666666666 0.08250402576489535 0.5102133333333333
6 0.40226650563607086 0.53716 0.0555475040257649 0.20087999999999995
6 0.7972584541062802 0.47398666666666667 0.2462399355877616 0.31826666666666664
7 0.20346618357487922 0.5756 0.09738325281803543 0.16096000000000005
7 0.10573268921095008 0.55976 0.12521739130434784 0.21989333333333327
7 0.3312962962962963 0.5184 0.044186795491143356 0.10821333333333329
7 0.5742149758454106 0.5219066666666666 0.07548309178743962 0.13917333333333332
7 0.4390297906602254 0.4874133333333333 0.029621578099838942 0.0885333333333333
6 0.4717753623188406 0.45682666666666666 0.029798711755233485 0.11210666666666672
7 0.6232528180354266 0.5132133333333333 0.07801932367149757 0.14573333333333335
7 0.688707729468599 0.5271866666666667 0.09467793880837352 0.12381333333333334
6 0.9567834138486313 0.4467733333333333 0.0848228663446054 0.20384
5 0.4344283413848631 0.44171999999999995 0.03154589371980672 0.1590666666666667
2 0.05210547504025765 0.6224933333333333 0.1042109500805153 0.12760000000000007