7 0.15926731078904993 0.6216533333333334 0.2419806763285024 0.35392000000000007
7 0.24987117552334948 0.5803333333333334 0.1763768115942029 0.222
7 0.7129428341384864 0.48197333333333336 0.07332528180354263 0.14672000000000002
7 0.759037842190016 0.49512000000000006 0.06393719806763283 0.1026133333333333
7 0.30769726247987117 0.5594666666666667 0.12938808373590982 0.14704000000000003
7 0.322938808373591 0.5435066666666667 0.0978743961352657 0.13160000000000005
7 0.341280193236715 0.5279066666666666 0.11341384863123995 0.13826666666666665
7 0.5491143317230274 0.48378666666666664 0.05455716586151368 0.06517333333333333
1 0.43096215780998387 0.50252 0.05909017713365543 0.10429333333333336
1 0.8109178743961353 0.4585333333333333 0.042946859903381575 0.057706666666666705
1 0.5010144927536232 0.47318666666666664 0.011690821256038634 0.05943999999999998
1 0.6447101449275362 0.45982666666666666 0.039452495974235106 0.07512000000000005