8 0.28997181964573265 0.48693333333333333 0.014822866344605496 0.11354666666666663
7 0.2799718196457327 0.47372 0.05084541062801935 0.12893333333333332
7 0.3160708534621578 0.4836666666666667 0.05014492753623186 0.0945333333333333
7 0.3646658615136876 0.47716000000000003 0.05820450885668279 0.08103999999999996
6 0.49514090177133646 0.4626133333333333 0.05503220611916266 0.09951999999999998
7 0.5169685990338164 0.46725333333333335 0.041473429951690816 0.06650666666666666
7 0.5517391304347826 0.46202666666666664 0.04362318840579715 0.07008
7 0.5779669887278583 0.4695333333333333 0.048059581320450837 0.05479999999999995
7 0.6015338164251208 0.47008 0.03520933977455718 0.055039999999999964
7 0.6207729468599034 0.4705333333333333 0.03998389694041875 0.05194666666666664
7 0.6415016103059581 0.4664933333333333 0.04643317230273758 0.053679999999999985
6 0.6763808373590983 0.44797333333333333 0.04842995169082124 0.07434666666666666
7 0.6941223832528179 0.45766666666666667 0.04276972624798712 0.05016
7 0.7098671497584541 0.45812 0.03723832528180354 0.04573333333333335
1 0.20413848631239934 0.4240133333333333 0.0783574879227053 0.030106666666666646
1 0.43044685990338166 0.4352266666666666 0.022632850241545904 0.038720000000000025
1 0.7687278582930757 0.4455866666666667 0.06586151368760061 0.0490933333333334
1 0.9351086956521739 0.42573333333333335 0.07263285024154592 0.05770666666666663