7 0.4853502415458938 0.5038266666666666 0.019863123993558742 0.06258666666666667
7 0.35407004830917876 0.6264666666666667 0.10661030595813202 0.25
7 0.9274597423510467 0.7626933333333333 0.1434702093397746 0.46928
7 0.8148027375201289 0.73476 0.3687842190016103 0.5251466666666667
7 0.6540942028985507 0.6499199999999999 0.13326086956521738 0.38144000000000006
7 0.5710748792270531 0.5612666666666667 0.06644927536231882 0.16482666666666668
7 0.5312761674718197 0.5192933333333334 0.030539452495974194 0.08775999999999999
7 0.5532246376811595 0.53884 0.048091787439613544 0.13373333333333326
7 0.3078985507246377 0.53776 0.06489533011272139 0.07829333333333337
7 0.22510064412238323 0.5415333333333333 0.07305152979066022 0.08173333333333335
7 0.5158977455716586 0.5038133333333333 0.02036231884057968 0.056480000000000016
8 0.6979911433172302 0.5638000000000001 0.03450080515297908 0.3064799999999999
1 0.4184702093397746 0.5025066666666667 0.02159420289855072 0.06634666666666665