7 0.26698470209339775 0.7565466666666668 0.2041304347826087 0.45480000000000004
7 0.10560386473429952 0.7736933333333333 0.21120772946859903 0.44727999999999996
0 0.9019605475040259 0.7554 0.19446859903381641 0.4838666666666666
0 0.9633977455716586 0.7648533333333333 0.07159420289855079 0.46496000000000004
7 0.41612318840579715 0.5818133333333334 0.05242351046698874 0.152
7 0.4449275362318841 0.5528799999999999 0.03141706924315619 0.09402666666666672
6 0.45465378421900166 0.5151333333333333 0.026666666666666672 0.10066666666666667
7 0.5766666666666667 0.55236 0.09207729468599035 0.11986666666666672
7 0.5639653784219001 0.5427066666666667 0.0805394524959743 0.094
7 0.5389734299516908 0.52732 0.05926731078904993 0.08189333333333336
6 0.4684098228663446 0.5123733333333333 0.0182850241545894 0.06165333333333327
6 0.37437198067632854 0.6005199999999999 0.09904991948470213 0.28232
1 0.5018035426731079 0.50768 0.01117552334943639 0.07322666666666669