0 0.8517933006535948 0.6237027027027028 0.038014705882352826 0.2754054054054055
0 0.581343954248366 0.6863108108108108 0.08608660130718955 0.42851351351351347
0 0.7270751633986928 0.5815540540540541 0.03047385620915038 0.1773243243243243
8 0.4055800653594771 0.5262432432432432 0.010898692810457543 0.11956756756756759
8 0.4181127450980392 0.5183513513513514 0.010343137254901982 0.10259459459459462
0 0.6575285947712419 0.5507297297297297 0.030678104575163453 0.10718918918918918
8 0.6969444444444444 0.5318378378378379 0.013071895424836602 0.10605405405405408
8 0.7204901960784313 0.5527567567567568 0.013071895424836602 0.1076216216216216
1 0.06037990196078431 0.5110675675675675 0.08147875816993463 0.11099999999999999
1 0.5148039215686274 0.5412297297297297 0.031993464052287646 0.14029729729729729
1 0.7546486928104575 0.5601891891891891 0.027303921568627418 0.13340540540540535