8 0.2754361873990307 0.7560828877005347 0.06651050080775447 0.4824866310160428
8 0.7679563812600969 0.6100802139037433 0.04038772213247173 0.30983957219251346
8 0.2522253634894992 0.6601336898395721 0.03175282714054928 0.3877005347593583
8 0.38308966074313405 0.6105213903743315 0.03769789983844912 0.2870855614973261
8 0.651732633279483 0.5630481283422459 0.02207592891760908 0.24390374331550801
8 0.4848465266558966 0.5531149732620321 0.015347334410339256 0.1879946524064171
8 0.4418699515347335 0.5539839572192513 0.015613893376413604 0.16042780748663102
8 0.46090872374798064 0.5404411764705882 0.014806138933764076 0.14697860962566853
8 0.5676978998384491 0.5347994652406417 0.014006462035541222 0.15943850267379686
1 0.5283602584814215 0.5309358288770053 0.05179321486268175 0.11973262032085562
1 0.41794426494345716 0.5499064171122995 0.021591276252019356 0.15077540106951876