7 0.9955756843800323 0.6668666666666666 0.00723832528180355 0.4081866666666667
7 0.27921900161030594 0.6723066666666667 0.1688244766505636 0.34632
7 0.6859822866344606 0.6555733333333332 0.1552495974235104 0.34224
6 0.3466022544283414 0.5472666666666667 0.10644122383252817 0.2963466666666667
7 0.6188848631239935 0.58964 0.10669082125603864 0.2226933333333333
7 0.5909782608695652 0.5416533333333333 0.05095813204508854 0.14192
6 0.21173107890499196 0.49409333333333333 0.18835748792270532 0.22487999999999997
7 0.6094605475040258 0.5038133333333333 0.06285024154589376 0.13898666666666668
6 0.505805152979066 0.48292 0.02479871175523355 0.08770666666666663
6 0.6761272141706924 0.45640000000000003 0.10574879227053134 0.13370666666666664
1 0.43929549114331723 0.4835333333333333 0.07263285024154592 0.1042933333333333
1 0.5463285024154589 0.44989333333333326 0.028357487922705336 0.09221333333333337