7 0.9464256535947712 0.5651216216216216 0.10551470588235301 0.13840540540540536
7 0.8943504901960784 0.5630945945945945 0.10134803921568623 0.13175675675675674
7 0.825890522875817 0.5619324324324324 0.0946241830065359 0.1419189189189189
7 0.5061315359477124 0.5077162162162163 0.027802287581699323 0.08197297297297301
0 0.64984477124183 0.6457297297297298 0.12990196078431374 0.41940540540540533
0 0.7972671568627451 0.6033108108108108 0.1535539215686274 0.43867567567567567
0 0.29242238562091505 0.5705810810810811 0.05095588235294118 0.2448378378378379
8 0.15741830065359477 0.46740540540540537 0.017124183006535953 0.12837837837837837
8 0.16091503267973856 0.5023378378378378 0.021519607843137258 0.17894594594594596
8 0.13548611111111108 0.49266216216216224 0.02232843137254903 0.1826756756756757
8 0.7753022875816994 0.6840405405405405 0.06209150326797386 0.5565675675675675
8 0.7923406862745098 0.6513783783783783 0.05855392156862742 0.5158918918918919
8 0.897001633986928 0.6701081081081081 0.06727124183006529 0.6077837837837837
8 0.9476143790849674 0.6872972972972974 0.1031372549019608 0.62
1 0.4507434640522876 0.46972972972972976 0.016372549019607812 0.0386486486486486
1 0.34787990196078433 0.4774864864864865 0.018978758169934655 0.09551351351351352
1 0.21975081699346408 0.461972972972973 0.0168872549019608 0.12308108108108105