6 0.4241586151368761 0.49657333333333337 0.027077294685990336 0.0977866666666667
0 0.4546417069243156 0.5873733333333333 0.04316425120772948 0.2678666666666667
7 0.8022020933977456 0.7443866666666666 0.3939855072463768 0.5058933333333333
7 0.10351851851851851 0.7612533333333334 0.20703703703703702 0.4690666666666667
6 0.20819243156199677 0.6256 0.14324476650563606 0.2970666666666667
7 0.5772262479871175 0.5998933333333333 0.11698067632850238 0.2820266666666666
7 0.5249235104669887 0.5626666666666666 0.08165056360708532 0.18602666666666665
7 0.27193236714975844 0.5928666666666667 0.07660225442834137 0.17208
8 0.7088727858293076 0.5495866666666666 0.03466988727858298 0.26231999999999994
7 0.300402576489533 0.56136 0.053333333333333344 0.12511999999999995
7 0.49402576489533007 0.5497733333333333 0.050821256038647344 0.12482666666666667
1 0.3877415458937198 0.4990533333333333 0.01638486312399358 0.08013333333333329
1 0.33591384863123996 0.4800666666666667 0.0846135265700483 0.11117333333333333