7 0.1217512077294686 0.7630133333333333 0.2435024154589372 0.46864
7 0.9630595813204508 0.7855466666666666 0.07227053140096618 0.42357333333333336
7 0.2652576489533011 0.6434 0.14666666666666664 0.2691466666666667
7 0.8096457326892109 0.7494933333333333 0.26925925925925925 0.49568
7 0.334512882447665 0.5877733333333334 0.09601449275362318 0.17490666666666668
7 0.6650523349436392 0.6137466666666668 0.13319645732689217 0.2713866666666667
7 0.41786634460547506 0.5238 0.03719806763285028 0.08770666666666671
7 0.6155273752012883 0.5681466666666667 0.07789855072463768 0.18210666666666664
7 0.5930877616747182 0.5403733333333333 0.05361513687600637 0.13562666666666662
7 0.576622383252818 0.5267733333333333 0.045483091787439624 0.10730666666666669
1 0.4799235104669888 0.48268 0.06846215780998396 0.040453333333333376
1 0.5403421900161031 0.4843866666666667 0.022632850241545904 0.06114666666666668
1 0.44216586151368764 0.5119866666666667 0.009613526570048261 0.07496000000000004