0 0.1048529411764706 0.5001891891891892 0.01789215686274509 0.10227027027027027
8 0.33218954248366017 0.5995270270270271 0.03758169934640523 0.3322432432432433
8 0.2914624183006536 0.5888783783783783 0.046846405228758194 0.3802432432432433
8 0.4181454248366013 0.6246216216216216 0.04248366013071891 0.40945945945945944
0 0.9608864379084967 0.5819189189189189 0.06147875816993464 0.27935135135135136
8 0.6721936274509804 0.4911351351351351 0.010351307189542544 0.11129729729729732
8 0.6856454248366013 0.4946351351351351 0.01171568627450983 0.09694594594594588
0 0.8838316993464052 0.5018648648648648 0.04313725490196075 0.11999999999999994
1 0.2231372549019608 0.48952702702702705 0.011160130718954222 0.07137837837837845
1 0.023031045751633988 0.49470270270270267 0.046062091503267975 0.08172972972972975
1 0.8244403594771242 0.5059189189189189 0.03355392156862749 0.10756756756756759