7 0.4929186795491143 0.53744 0.04334138486312403 0.11669333333333332
6 0.1695330112721417 0.6033866666666667 0.2835909822866345 0.7878933333333332
7 0.30516908212560384 0.5911466666666667 0.15154589371980673 0.20501333333333333
7 0.3818478260869565 0.5221866666666667 0.09363123993558774 0.14293333333333333
7 0.42257246376811597 0.4976933333333333 0.056143317230273763 0.09192
6 0.5385547504025765 0.47992 0.036964573268921164 0.11567999999999999
7 0.4888687600644122 0.5103066666666667 0.027270531400966188 0.08242666666666666
6 0.3452777777777778 0.5375333333333333 0.1399436392914654 0.21890666666666667
7 0.067902576489533 0.6215866666666666 0.135805152979066 0.31944000000000006
5 0.22002012882447664 0.44648000000000004 0.10665861513687601 0.20192
1 0.9418236714975845 0.5223599999999999 0.11311594202898552 0.09911999999999997
1 0.8671658615136876 0.5085333333333333 0.04190016103059578 0.14394666666666664