7 0.4956642512077295 0.5281866666666667 0.034194847020934 0.10709333333333332
7 0.047520128824476655 0.6397599999999999 0.09504025764895331 0.24063999999999994
7 0.14299919484702095 0.5878133333333333 0.1401046698872786 0.1951466666666666
7 0.6808574879227053 0.57884 0.13504830917874397 0.24152000000000007
7 0.652962962962963 0.5580533333333334 0.12276972624798713 0.1869866666666667
7 0.6077737520128824 0.54932 0.10173107890499197 0.146
7 0.5895531400966184 0.5344 0.08657809983896939 0.13770666666666664
7 0.583731884057971 0.5229866666666667 0.07995974235104665 0.11050666666666666
7 0.5710587761674718 0.5163333333333333 0.07160225442834144 0.106
7 0.4385869565217391 0.5000266666666666 0.015289855072463776 0.038346666666666654
7 0.5370008051529791 0.49632000000000004 0.04045893719806763 0.05024000000000001
6 0.5288687600644123 0.48548 0.03596618357487929 0.05303999999999996
7 0.4098067632850242 0.49768 0.018293075684380055 0.043573333333333346
1 0.3882568438003221 0.4887066666666666 0.01638486312399353 0.055973333333333285
1 0.45882850241545897 0.48784 0.013776167471819657 0.03354666666666663
1 0.7635185185185185 0.49476 0.02940418679549113 0.11981333333333336