7 0.4948792270531401 0.5256 0.037777777777777834 0.11834666666666666
7 0.9605273752012882 0.73356 0.07733494363929143 0.5275466666666667
7 0.8235265700483091 0.7060133333333333 0.24112721417069236 0.45821333333333336
7 0.37538244766505635 0.5279333333333334 0.038768115942029016 0.078
7 0.028490338164251207 0.7673333333333333 0.056980676328502414 0.41349333333333327
7 0.6293478260869566 0.5398133333333334 0.11748792270531398 0.17018666666666665
7 0.5830072463768116 0.5227866666666667 0.0859500805152979 0.11522666666666669
6 0.5507850241545894 0.4916266666666667 0.061940418679549074 0.09589333333333336
7 0.3489694041867955 0.5092266666666666 0.036231884057971016 0.07424000000000001
7 0.36708534621578104 0.4979466666666667 0.028888888888888884 0.06256000000000002
7 0.4081400966183575 0.4935333333333333 0.019516908212560347 0.038639999999999945
7 0.3252375201288245 0.50144 0.0227938808373591 0.05450666666666666
7 0.15264492753623188 0.51176 0.030716586151368765 0.061546666666666625
1 0.011578099838969404 0.8156000000000001 0.023156199677938808 0.3440533333333334
1 0.4419082125603865 0.46628000000000003 0.038260869565217376 0.08013333333333329