7 0.49394037066881546 0.5727127659574468 0.07086220789685742 0.21297872340425528
7 0.3031547139403707 0.6054122340425532 0.10556809024979859 0.20827127659574476
7 0.23282433521353746 0.5705585106382979 0.10244157937147462 0.16904255319148936
7 0.3766680096696213 0.5479920212765957 0.06263497179693797 0.13172872340425532
2 0.40892022562449637 0.45878989361702127 0.06804190169218377 0.22523936170212766
2 0.4476188557614827 0.457313829787234 0.02572925060435138 0.11484042553191484
7 0.016007252215954875 0.6048670212765958 0.03201450443190975 0.20946808510638296
7 0.10066881547139403 0.5715691489361702 0.12225624496373892 0.16425531914893615
6 0.3076591458501209 0.5008643617021277 0.046164383561643804 0.09864361702127661
7 0.5235173247381144 0.5078324468085106 0.024456083803384387 0.049973404255319126
7 0.5646172441579372 0.506715425531915 0.0179371474617245 0.038377659574468106
1 0.013920225624496373 0.6168218085106383 0.027840451248992745 0.16752659574468087