8 0.6424798061389337 0.6719919786096257 0.049806138933764205 0.4268181818181818
8 0.2951615508885299 0.6590240641711229 0.045234248788368334 0.3786363636363636
8 0.22046849757673667 0.657072192513369 0.035541195476575124 0.3598663101604279
8 0.8211550888529886 0.6363368983957219 0.05250403877221316 0.40919786096256683
8 0.7698222940226171 0.6301069518716578 0.050613893376413546 0.40133689839572184
8 0.5348949919224556 0.5635962566844921 0.027463651050080775 0.20697860962566844
8 0.6401777059773829 0.6573395721925134 0.0496930533117932 0.3630748663101605
8 0.5959612277867528 0.6359625668449198 0.033117932148626815 0.3110160427807486
8 0.5782269789983845 0.6256951871657753 0.023966074313408692 0.27716577540106946
8 0.6441882067851373 0.5910561497326203 0.04653473344103384 0.2692780748663103
8 0.6533037156704361 0.5547727272727273 0.03722132471728598 0.2192780748663102
7 0.46104604200323107 0.5419786096256685 0.04109046849757674 0.10620320855614973
1 0.5012802907915994 0.49731283422459893 0.019507269789983826 0.05248663101604277