7 0.9383172302737519 0.7423466666666666 0.12175523349436396 0.5099733333333334
7 0.7618236714975846 0.5747866666666667 0.2133252818035427 0.2611466666666666
2 0.09859903381642511 0.7317866666666667 0.19719806763285022 0.2921066666666666
7 0.12552737520128823 0.5735066666666666 0.25105475040257647 0.44989333333333337
7 0.17971819645732687 0.6025999999999999 0.18056360708534622 0.22695999999999997
6 0.5624677938808373 0.49104 0.06670692431561999 0.2146133333333333
7 0.298731884057971 0.5621066666666668 0.14031400966183577 0.15109333333333333
7 0.3468800322061192 0.52872 0.10966988727858291 0.14778666666666662
6 0.5280676328502416 0.48108 0.035780998389694084 0.13026666666666673
7 0.386598228663446 0.5113333333333333 0.05197262479871172 0.07834666666666665
6 0.42620370370370375 0.47572 0.05582125603864733 0.09058666666666666
1 0.4840861513687601 0.4723333333333333 0.045547504025764844 0.05426666666666673