7 0.707109500805153 0.6497333333333333 0.16549114331723025 0.3220266666666666
7 0.47633655394524954 0.5028133333333333 0.06272141706924314 0.0746933333333333
8 0.3865297906602254 0.5190533333333333 0.011272141706924315 0.1284533333333333
0 0.7270772946859904 0.5333066666666667 0.0622544283413849 0.1584
7 0.642975040257649 0.48134666666666664 0.06012077294685987 0.0736266666666667
7 0.793095813204509 0.47165333333333337 0.07625603864734312 0.07034666666666665
6 0.9683695652173914 0.46116 0.0616505636070853 0.09245333333333337
7 0.35168276972624796 0.5114266666666667 0.05167471819645733 0.0734666666666667
7 0.21551127214170693 0.5205466666666666 0.04960547504025766 0.07053333333333338
7 0.47975040257648954 0.4862533333333333 0.018325281803542665 0.0414666666666667
7 0.45105877616747175 0.489 0.021409017713365563 0.04242666666666673
1 0.9134903381642511 0.4611066666666667 0.013776167471819565 0.04909333333333332
1 0.5804428341384863 0.46971999999999997 0.014299516908212554 0.03527999999999997
1 0.054025764895330106 0.5344133333333333 0.10805152979066021 0.11634666666666665
1 0.52914653784219 0.4714533333333334 0.012737520128824517 0.024933333333333318
1 0.5580515297906602 0.4662933333333334 0.01117552334943639 0.021493333333333264
1 0.27133252818035425 0.4800666666666667 0.030442834138486315 0.05597333333333336