7 0.07251610305958132 0.5356933333333334 0.11395330112721418 0.14392
7 0.039170692431561994 0.5521066666666667 0.07834138486312399 0.11072000000000003
7 0.2802053140096618 0.5042800000000001 0.07987922705314009 0.08359999999999998
5 0.21291867954911434 0.48249333333333333 0.050152979066022514 0.09938666666666662
7 0.652548309178744 0.4865333333333333 0.05496779388083734 0.0664533333333333
8 0.7078502415458938 0.4747733333333333 0.00913043478260872 0.06767999999999999
7 0.6859500805152979 0.47248 0.030966183574879166 0.0596266666666667
1 0.8566747181964574 0.46368 0.28342995169082125 0.08874666666666667
1 0.3348711755233494 0.46284 0.0189855072463768 0.05597333333333336
1 0.44685185185185183 0.45765333333333336 0.012737520128824426 0.03183999999999999
1 0.4182045088566828 0.4473066666666667 0.025233494363929174 0.03183999999999999