8 0.9047819063004846 0.6240508021390374 0.07014539579967684 0.48248663101604283
8 0.07666801292407109 0.7109491978609626 0.13349757673667206 0.5727540106951872
0 0.31394991922455573 0.6520989304812834 0.09017770597738287 0.4461764705882353
8 0.6835904684975768 0.5355614973262033 0.03679321486268171 0.2963101604278076
8 0.4848263327948303 0.5277941176470587 0.021106623586429722 0.21863636363636366
8 0.40279886914378027 0.5300401069518716 0.023546042003231047 0.20494652406417113
8 0.45134894991922453 0.5114572192513369 0.018836833602584764 0.1851069518716578
8 0.5946284329563812 0.4905213903743315 0.02080775444264943 0.20382352941176468
1 0.42705573505654276 0.5111096256684492 0.020024232633279546 0.17318181818181813
1 0.37939822294022624 0.5007754010695188 0.0174232633279483 0.06973262032085564
1 0.5304402261712439 0.4844117647058824 0.06533925686591276 0.14042780748663106