7 0.07365136876006441 0.7064400000000001 0.14730273752012882 0.4679733333333334
7 0.11511272141706924 0.6076933333333334 0.23022544283413848 0.4388
0 0.37917874396135265 0.5723733333333333 0.027987117552334937 0.1858666666666667
7 0.9309500805152979 0.7502666666666667 0.13648953301127212 0.49413333333333337
7 0.8606441223832528 0.6903999999999999 0.2771014492753623 0.39973333333333344
7 0.7743317230273752 0.6333333333333333 0.25099838969404176 0.27002666666666664
7 0.7312157809983898 0.5823333333333334 0.18764895330112727 0.26418666666666674
7 0.2904991948470209 0.56028 0.13611916264090176 0.14546666666666663
7 0.31955314009661834 0.5480266666666667 0.11144122383252815 0.12741333333333332
7 0.5306602254428341 0.53736 0.04502415458937195 0.1097066666666667
7 0.5093478260869565 0.5073466666666666 0.024524959742351075 0.06861333333333339
6 0.4910305958132045 0.47280000000000005 0.013542673107890448 0.05317333333333333
1 0.43513285024154597 0.49216 0.07992753623188409 0.09392