8 0.5857148626817448 0.6206283422459893 0.0527705977382875 0.4178877005347593
8 0.6425888529886915 0.5973930481283423 0.0522374798061389 0.419812834224599
8 0.18574717285945072 0.5984759358288769 0.03903877221324718 0.31101604278074874
8 0.5018861066235865 0.5315775401069519 0.02073505654281095 0.1995187165775401
8 0.6037924071082391 0.5590641711229947 0.03285137318255256 0.3002139037433156
8 0.9333037156704362 0.6345855614973263 0.0864297253634895 0.5797058823529412
8 0.9553190630048465 0.582192513368984 0.055193861066235805 0.4563101604278075
8 0.24592084006462034 0.6205080213903743 0.051696284329563816 0.349572192513369
2 0.22028675282714058 0.712994652406417 0.07070274636510503 0.24689839572192507
8 0.195048465266559 0.6273663101604278 0.034733441033925706 0.36852941176470594
8 0.8411954765751213 0.558355614973262 0.04334410339256863 0.39815508021390367
7 0.435751211631664 0.49525401069518715 0.04266558966074317 0.14082887700534763
7 0.3445315024232633 0.5065106951871657 0.08098546042003235 0.21574866310160426
6 0.3763651050080775 0.4974197860962567 0.05011308562197089 0.15970588235294123
1 0.5512237479806139 0.5084491978609625 0.020169628432956402 0.10566844919786092