7 0.17294685990338166 0.7583866666666667 0.3458937198067633 0.47789333333333334
7 0.5680394524959742 0.5504533333333334 0.07424315619967797 0.17205333333333336
7 0.8350201288244766 0.7581333333333333 0.3283494363929146 0.4784
7 0.2740901771336554 0.6747733333333333 0.1793880837359098 0.3690133333333334
8 0.19921900161030595 0.61908 0.03674718196457326 0.3992266666666666
8 0.24349033816425117 0.58384 0.021215780998389666 0.30026666666666674
7 0.4354106280193237 0.5155599999999999 0.034476650563607124 0.10221333333333336
7 0.533244766505636 0.51064 0.041497584541062775 0.10575999999999999
8 0.24993558776167474 0.6178266666666666 0.022447665056360706 0.3089333333333334
7 0.5147504025764895 0.4858666666666666 0.022318840579710075 0.07679999999999995
1 0.49476650563607083 0.4757733333333334 0.008566827697262561 0.043919999999999994
1 0.4640338164251208 0.47318666666666664 0.0054428341384863054 0.04909333333333332