7 0.509951690821256 0.5797066666666667 0.07270531400966179 0.2274666666666667
6 0.8559621578099839 0.6472933333333334 0.2711352657004831 0.7000799999999999
7 0.6676811594202898 0.5689066666666667 0.13998389694041868 0.23445333333333337
7 0.5830756843800322 0.5004533333333334 0.06975845410628018 0.0991466666666666
7 0.5582326892109502 0.4935333333333333 0.04574074074074079 0.07106666666666668
7 0.5485587761674717 0.48592 0.04320450885668274 0.056373333333333296
7 0.05983494363929146 0.6118399999999999 0.11966988727858292 0.27498666666666666
7 0.16696859903381642 0.5604933333333333 0.11880032206119161 0.18226666666666672
7 0.25975040257648957 0.54992 0.07159420289855074 0.10949333333333335
7 0.35509259259259257 0.50792 0.04078099838969407 0.07002666666666664
7 0.3743840579710145 0.49513333333333337 0.02938003220611917 0.07479999999999995
7 0.4022020933977456 0.49055999999999994 0.027640901771336587 0.05274666666666667
7 0.4364774557165862 0.48488 0.02648148148148147 0.03957333333333334
7 0.9763244766505637 0.5558000000000001 0.0457407407407407 0.12061333333333331
7 0.0866988727858293 0.55748 0.09096618357487922 0.1435466666666667
1 0.30023349436392915 0.49387999999999993 0.05388083735909824 0.04909333333333332