7 0.4943397745571659 0.5491866666666666 0.04270531400966181 0.1164533333333333
7 0.10598228663446055 0.7442 0.2119645732689211 0.5062666666666666
7 0.2864653784219001 0.61132 0.13816425120772943 0.22829333333333338
6 0.3403864734299517 0.5148666666666666 0.14747181964573272 0.3013600000000001
7 0.3735024154589372 0.5609466666666667 0.09838969404186794 0.12413333333333329
7 0.4369766505636071 0.4976933333333333 0.046127214170692404 0.07437333333333337
8 0.8945128824476651 0.7107466666666666 0.08830112721417056 0.5731733333333333
6 0.5318760064412238 0.49265333333333333 0.030241545893719853 0.09474666666666667
7 0.49051127214170687 0.51492 0.027318840579710103 0.0825333333333333
6 0.3931441223832528 0.5268666666666666 0.09562801932367149 0.14178666666666664
7 0.05325684380032206 0.5618933333333332 0.10651368760064411 0.14405333333333337
7 0.11327294685990336 0.61828 0.19057165861513686 0.2602933333333334
7 0.22878421900161028 0.5475866666666667 0.09531400966183572 0.16760000000000005
8 0.09782206119162641 0.5185866666666666 0.018784219001610303 0.16064000000000003
8 0.18537037037037035 0.51088 0.01570048309178744 0.09802666666666672
5 0.2824838969404187 0.45905333333333326 0.07277777777777782 0.15373333333333336
1 0.9551529790660225 0.5095466666666666 0.030917874396135338 0.06026666666666665
1 0.7984098228663447 0.48871999999999993 0.10023349436392906 0.09738666666666669