7 0.2529227053140097 0.49873333333333336 0.08190016103059583 0.10082666666666668
8 0.564255233494364 0.47497333333333336 0.01037842190016102 0.08216000000000001
7 0.5329549114331723 0.46513333333333334 0.035539452495974226 0.09320000000000005
7 0.5592673107890499 0.4715333333333333 0.037697262479871124 0.07101333333333332
7 0.5944847020933977 0.46986666666666665 0.04599033816425121 0.0627733333333333
6 0.7058333333333333 0.46005333333333337 0.049444444444444416 0.08485333333333331
7 0.7281843800322061 0.46377333333333337 0.03802737520128826 0.058426666666666655
7 0.7627455716586151 0.46165333333333336 0.0427053140096619 0.06309333333333332
1 0.8926127214170693 0.45248 0.21155394524959742 0.08703999999999996
1 0.6541384863123993 0.43608 0.018985507246376845 0.03354666666666663
1 0.4814855072463768 0.42057333333333335 0.06326086956521734 0.030106666666666723