7 0.47134568896051576 0.5176196808510638 0.03160354552780009 0.0951329787234042
7 0.19996373892022562 0.7401595744680851 0.22236099919419822 0.4275531914893618
7 0.02887187751813054 0.6909175531914894 0.05774375503626108 0.33486702127659573
7 0.1251248992747784 0.6189760638297873 0.15676067687348913 0.23470744680851063
6 0.27744560838033844 0.5088297872340425 0.10427074939564865 0.25861702127659575
7 0.12296132151490734 0.5726063829787235 0.11684931506849314 0.15505319148936167
7 0.32207896857373086 0.5351595744680852 0.05187751813053988 0.10271276595744681
2 0.4170870265914585 0.4974601063829788 0.0379613215149073 0.12401595744680857
2 0.3865229653505238 0.4998271276595745 0.07035455278001616 0.22773936170212764
5 0.4351772763900081 0.4575664893617022 0.028162771958098253 0.1355053191489362
7 0.22944802578565673 0.5336702127659574 0.06261885576148271 0.10835106382978726
1 0.02459709911361805 0.7319946808510639 0.0491941982272361 0.20877659574468094