7 0.34161835748792274 0.50008 0.07104669887278584 0.09141333333333333
8 0.5991103059581321 0.47596000000000005 0.009573268921094997 0.0797066666666667
7 0.5680636070853462 0.46941333333333335 0.036867954911433146 0.09013333333333336
7 0.5912842190016103 0.4760666666666667 0.03678743961352662 0.06898666666666668
7 0.6267431561996779 0.4735066666666667 0.04499999999999999 0.06125333333333333
6 0.7380917874396136 0.46186666666666665 0.049323671497584536 0.08384
7 0.7622544283413849 0.46503999999999995 0.038244766505636074 0.05802666666666672
7 0.7969847020933978 0.45982666666666666 0.04335748792270533 0.06290666666666668
1 0.2794001610305958 0.4809466666666667 0.025756843800322067 0.09911999999999997
1 0.046731078904991945 0.4964666666666667 0.09346215780998389 0.08530666666666661
1 0.6807004830917875 0.44987999999999995 0.03877616747181962 0.061146666666666606
1 0.9097624798711755 0.45766666666666667 0.17717391304347832 0.09048000000000002
1 0.5688043478260869 0.43068 0.16609500805152985 0.04456000000000002