8 0.5573856209150327 0.4741891891891892 0.0141666666666666 0.1554594594594595
8 0.24056372549019606 0.5355270270270269 0.027777777777777776 0.3263513513513513
8 0.6673529411764706 0.6391081081081081 0.049019607843137254 0.5109189189189189
8 0.6678553921568627 0.5825945945945946 0.05337418300653598 0.43345945945945946
8 0.6151511437908497 0.6202972972972973 0.09200163398692812 0.4916756756756757
8 0.6080106209150327 0.6547567567567567 0.057459150326797416 0.5347567567567567
8 0.46258578431372543 0.49822972972972973 0.028325163398692777 0.23143243243243242
8 0.4935334967320262 0.4886351351351352 0.028325163398692777 0.24191891891891898
8 0.46136846405228754 0.4845 0.025057189542483628 0.2081891891891892
8 0.4282066993464052 0.49467567567567566 0.02477941176470587 0.21708108108108107
8 0.4741625816993464 0.4802837837837837 0.013619281045751693 0.17402702702702708
8 0.36453431372549017 0.4916081081081081 0.02042483660130719 0.21824324324324323
8 0.38201388888888893 0.4929189189189189 0.018243464052287568 0.18886486486486484
8 0.4034558823529412 0.4772972972972973 0.01769607843137257 0.21194594594594598
6 0.10935049019607843 0.49864864864864866 0.21870098039215685 0.9972972972972973
1 0.27912581699346406 0.4662837837837838 0.031470588235294146 0.09035135135135137
1 0.8723611111111111 0.3517027027027027 0.23356209150326798 0.04037837837837837
1 0.3400653594771242 0.44647297297297295 0.01584967320261436 0.09894594594594598