7 0.6547584541062802 0.664 0.14750402576489527 0.30741333333333326
7 0.08307971014492754 0.7618666666666666 0.1661594202898551 0.4666133333333333
7 0.11805152979066023 0.6708933333333332 0.23610305958132047 0.34359999999999996
7 0.147073268921095 0.647 0.23828502415458935 0.26824000000000003
7 0.21735909822866348 0.61076 0.18373590982286633 0.22477333333333338
7 0.27701288244766503 0.5695600000000001 0.13341384863123992 0.17751999999999998
7 0.5627012882447665 0.5655866666666667 0.06727053140096614 0.15016000000000002
7 0.3459098228663446 0.55232 0.10924315619967795 0.12298666666666667
7 0.5415499194847021 0.52944 0.03979871175523354 0.08970666666666671
7 0.3474194847020934 0.5396666666666666 0.08551529790660228 0.11528000000000005
7 0.35575281803542674 0.5207866666666667 0.07099033816425122 0.11672000000000003
7 0.5210346215780999 0.4997866666666667 0.02395330112721417 0.07002666666666672
1 0.453365539452496 0.49818666666666667 0.10492753623188406 0.09221333333333337