0 0.7732890499194847 0.6172666666666666 0.0729227053140097 0.43912000000000007
8 0.6307971014492754 0.5536933333333333 0.023977455716586223 0.27602666666666664
3 0.9976409017713367 0.7732800000000001 0.0031078904991947666 0.3589333333333332
8 0.8312520128824477 0.5820799999999999 0.03557971014492749 0.31226666666666664
8 0.8007447665056361 0.5714933333333333 0.02917069243156201 0.2726933333333333
8 0.20992351046698873 0.5635333333333333 0.025096618357487936 0.21917333333333333
8 0.27097020933977456 0.5583333333333333 0.02073268921095008 0.22418666666666665
0 0.4084581320450885 0.51252 0.027173913043478215 0.13490666666666667
6 0.4621940418679549 0.47394666666666674 0.05034621578099837 0.13136000000000006
1 0.09647342995169081 0.5861733333333333 0.19294685990338162 0.17501333333333333
1 0.32861916264090174 0.4990666666666666 0.03461352657004832 0.14224
1 0.6882568438003221 0.5508000000000001 0.07888083735909816 0.19397333333333328