7 0.49448872785829306 0.52544 0.0370772946859903 0.11616
7 0.97585346215781 0.69968 0.046682769726248005 0.5953066666666667
7 0.849476650563607 0.7184133333333335 0.23267310789049922 0.5113866666666667
7 0.7354911433172303 0.6248933333333333 0.1880998389694042 0.30456
7 0.39273752012882446 0.51276 0.03144927536231884 0.06402666666666665
7 0.1706682769726248 0.6557066666666667 0.16433172302737517 0.27616
7 0.6101328502415458 0.5274 0.10303542673107893 0.14450666666666667
7 0.5731159420289854 0.5134533333333334 0.07689210950080515 0.10178666666666664
6 0.5460587761674718 0.4894666666666667 0.0576892109500805 0.08874666666666667
7 0.3571135265700483 0.49881333333333333 0.03318035426731077 0.06919999999999997
7 0.37249597423510467 0.4954666666666667 0.026892109500805134 0.05904000000000004
7 0.41024959742351047 0.48833333333333334 0.018631239935587796 0.03714666666666668
7 0.3335547504025765 0.4960266666666666 0.021119162640901742 0.05141333333333334
1 0.4523188405797101 0.4585333333333333 0.024718196457326928 0.07152000000000006