7 0.10616747181964573 0.6420666666666667 0.18291465378421898 0.25138666666666676
4 0.5742351046698874 0.45410666666666666 0.03265700483091792 0.09535999999999997
7 0.24328099838969405 0.56464 0.09350241545893721 0.18597333333333335
7 0.298719806763285 0.5576533333333333 0.0640096618357488 0.11866666666666667
7 0.3318639291465378 0.5356933333333334 0.05802737520128824 0.1193866666666667
7 0.380366344605475 0.52368 0.03772141706924313 0.07797333333333335
7 0.39768518518518514 0.51716 0.03155394524959742 0.06658666666666667
1 0.4340942028985507 0.49129333333333336 0.022632850241545904 0.050799999999999956
1 0.6635185185185185 0.4774933333333333 0.012737520128824517 0.08186666666666664
1 0.6171658615136876 0.4636933333333333 0.0054428341384863054 0.05426666666666665
1 0.5377375201288245 0.46284 0.024718196457326928 0.024933333333333394