7 0.4694802578565673 0.518497340425532 0.03198227236099924 0.09624999999999999
7 0.2354593070104754 0.7023803191489363 0.18290894439967767 0.36337765957446816
7 0.05923045930701047 0.6855718085106383 0.11846091861402094 0.33954787234042555
7 0.014266720386784849 0.6016489361702129 0.028533440773569698 0.18617021276595752
7 0.16205076551168415 0.5998936170212766 0.13114423851732473 0.20585106382978718
6 0.2895930701047542 0.5066223404255319 0.09364222401289286 0.23898936170212762
7 0.14742546333601936 0.5655452127659574 0.10410153102336825 0.14289893617021274
7 0.32856567284448024 0.5321143617021277 0.0481385979049154 0.09699468085106383
2 0.41714343271555193 0.4972074468085106 0.036833199033037854 0.12042553191489362
2 0.38899274778404513 0.497938829787234 0.06612409347300564 0.21630319148936167
5 0.43422643029814667 0.458218085106383 0.027324738114423916 0.13260638297872337
7 0.24089846897663178 0.5306515957446809 0.057767929089443996 0.10220744680851065
1 0.04100322320709105 0.9374867021276596 0.0820064464141821 0.11438829787234041