8 0.49100565428109855 0.5464171122994653 0.012285945072697929 0.14828877005347596
8 0.510589660743134 0.5358689839572193 0.02114701130856225 0.1563903743315508
8 0.15327544426494347 0.7314037433155081 0.09257673667205171 0.5318449197860963
8 0.2109854604200323 0.6344652406417112 0.037140549273021 0.2742245989304813
7 0.07061389337641358 0.7043449197860963 0.14122778675282716 0.5859625668449198
8 0.22617932148626815 0.6473930481283422 0.03444264943457188 0.3222727272727272
8 0.6528352180936996 0.6078877005347594 0.048610662358642934 0.3912299465240642
8 0.8799030694668822 0.6326871657754011 0.0998546042003232 0.5511497326203209
8 0.2904483037156705 0.5846657754010696 0.020831987075928933 0.1797058823529412
8 0.42089256865912766 0.549451871657754 0.013432956381260094 0.14868983957219256
7 0.3362156704361874 0.5709893048128343 0.09827948303715672 0.25417112299465233
6 0.38053311793214867 0.5433957219251337 0.05667205169628435 0.17834224598930487
1 0.04204361873990307 0.7837299465240642 0.08408723747980613 0.4218449197860963
1 0.593986268174475 0.5947326203208556 0.061171243941841695 0.1783422459893047