7 0.48411433172302737 0.5323066666666667 0.04553945249597419 0.12258666666666666
7 0.12433574879227054 0.7329066666666667 0.24867149758454107 0.4954133333333334
7 0.2976851851851852 0.5802533333333333 0.12741545893719808 0.19842666666666672
7 0.3598027375201288 0.5372 0.09884863123993558 0.14613333333333328
7 0.4142793880837359 0.50264 0.06421095008051525 0.08879999999999995
7 0.8337520128824476 0.7502133333333333 0.33088566827697263 0.49424
7 0.5757165861513688 0.5267066666666667 0.053285024154589335 0.1202933333333333
6 0.5347463768115942 0.47581333333333337 0.03285829307568434 0.10965333333333334
7 0.24190821256038647 0.5365733333333333 0.08198067632850244 0.13064000000000003
7 0.49249194847020933 0.50744 0.03052334943639289 0.09221333333333337
7 0.015161030595813203 0.5586000000000001 0.030322061191626407 0.1484
7 0.1619243156199678 0.5213599999999999 0.08423510466988726 0.10453333333333338