7 0.5522906602254428 0.5269466666666667 0.03673913043478261 0.09053333333333338
6 0.3791908212560387 0.5065599999999999 0.1049355877616747 0.13856000000000002
7 0.3717914653784219 0.5307866666666667 0.10388888888888886 0.10978666666666663
7 0.33285426731078904 0.5507066666666667 0.1294927536231884 0.13704000000000005
7 0.32111513687600646 0.5603066666666667 0.1428099838969404 0.16104000000000004
7 0.3023027375201289 0.57616 0.1503864734299517 0.17951999999999999
7 0.25854267310789053 0.5905066666666666 0.16917874396135266 0.21856000000000003
7 0.10892914653784218 0.6641866666666667 0.21785829307568436 0.34496000000000004
7 0.08714975845410627 0.7525466666666666 0.17429951690821255 0.44952000000000003
5 0.5359742351046699 0.48674666666666666 0.03618357487922701 0.10223999999999993
1 0.4762761674718197 0.47576000000000007 0.06950885668276977 0.08874666666666667