8 0.5302544426494346 0.5793449197860963 0.02558158319870756 0.2651069518716578
8 0.3623061389337641 0.5576336898395722 0.025581583198707607 0.19050802139037434
8 0.3416357027463651 0.5542914438502674 0.01669628432956378 0.1788502673796791
3 0.11483037156704362 0.8366711229946525 0.15449111470113086 0.32131016042780747
8 0.6093659127625202 0.529879679144385 0.015613893376413512 0.1714705882352941
8 0.5084733441033926 0.537072192513369 0.02153473344103399 0.17131016042780747
8 0.5636873990306946 0.5830080213903743 0.024499192245557383 0.2551604278074866
8 0.5851252019386106 0.5388502673796791 0.022350565428109915 0.2052406417112299
8 0.6123909531502424 0.5217914438502674 0.028788368336025837 0.1759893048128342
7 0.4474717285945073 0.5198663101604278 0.033214862681744756 0.0831016042780749
8 0.13528271405492728 0.6247860962566846 0.0395799676898223 0.2948663101604278
3 0.17761712439418414 0.7353877005347593 0.08340872374798061 0.33681818181818174
1 0.48252827140549276 0.4835160427807486 0.024717285945072623 0.03868983957219251
1 0.015222132471728593 0.8007486631016043 0.030444264943457186 0.2938502673796792