6 0.0629830917874396 0.6858266666666667 0.1259661835748792 0.6230133333333333
7 0.8917109500805154 0.6888933333333335 0.21496779388083737 0.37016
7 0.5693840579710144 0.57664 0.06289049919484703 0.14298666666666668
7 0.11591384863123994 0.6761466666666667 0.23182769726247987 0.31832
7 0.16806763285024157 0.6369733333333334 0.21038647342995165 0.25442666666666663
7 0.2737721417069243 0.5947866666666667 0.1547906602254428 0.17432
7 0.3107326892109501 0.5781866666666666 0.11320450885668279 0.13578666666666664
7 0.5353019323671497 0.5455599999999999 0.042230273752012916 0.09709333333333332
7 0.38702898550724635 0.5459066666666667 0.0741867954911433 0.08648000000000002
7 0.3888888888888889 0.5195333333333333 0.05103059581320455 0.08557333333333335
1 0.4687278582930757 0.5137333333333334 0.07940418679549115 0.09221333333333329