0 0.04020833333333334 0.5072297297297298 0.018504901960784314 0.10559459459459465
8 0.27620506535947714 0.6170540540540541 0.03703431372549018 0.34864864864864864
8 0.22977124183006536 0.6076486486486486 0.046846405228758194 0.40140540540540537
8 0.3701266339869281 0.643972972972973 0.057459150326797374 0.44210810810810813
0 0.8985906862745098 0.593027027027027 0.061397058823529485 0.28810810810810816
8 0.6309395424836601 0.5017027027027027 0.010620915032679739 0.11113513513513515
8 0.6438562091503268 0.5078513513513514 0.008986928104575163 0.09656756756756761
0 0.8491625816993464 0.5197837837837838 0.040874183006536016 0.11724324324324323
8 0.9698692810457515 0.508527027027027 0.013888888888888888 0.12062162162162161
8 0.9925040849673203 0.5226621621621621 0.013357843137254828 0.1222972972972973
1 0.16819035947712418 0.492972972972973 0.00959967320261438 0.06448648648648653
1 0.7707965686274509 0.5119324324324324 0.013766339869281064 0.11618918918918922