7 0.6103623188405797 0.6080533333333333 0.10128824476650569 0.21765333333333328
7 0.1340257648953301 0.66024 0.2680515297906602 0.2968533333333333
7 0.20006441223832527 0.6236533333333334 0.1966183574879227 0.2461333333333333
7 0.22967391304347826 0.6040933333333334 0.17268115942028986 0.19965333333333343
7 0.2728743961352657 0.5864133333333333 0.1418035426731079 0.1770933333333334
7 0.5498268921095008 0.55116 0.05566022544283414 0.1256266666666667
7 0.3631723027375201 0.5448000000000001 0.09426731078904996 0.10741333333333333
7 0.5339170692431562 0.5271733333333334 0.03516103059581326 0.0803733333333333
7 0.3685265700483092 0.5178533333333333 0.06265700483091786 0.10381333333333335
7 0.5164975845410628 0.4999866666666667 0.021465378421900227 0.06514666666666669
1 0.0170450885668277 0.8871733333333334 0.0340901771336554 0.17328000000000005
1 0.45596618357487917 0.5051066666666667 0.0872141706924316 0.09911999999999997