8 0.9651817447495961 0.6036363636363636 0.06802100161550892 0.7873796791443851
3 0.18531906300484652 0.8147326203208556 0.14495153473344102 0.3651871657754011
8 0.3902180936995154 0.6375000000000001 0.035008077544426475 0.4405080213903743
8 0.34860258481421647 0.6596925133689839 0.05358642972536352 0.4431283422459892
8 0.5247657512116317 0.5289572192513369 0.023699515347334436 0.22032085561497328
8 0.5143578352180938 0.4962834224598931 0.02414378029079159 0.15459893048128348
8 0.5615306946688207 0.5326871657754011 0.017504038772213213 0.21393048128342243
8 0.5965508885298869 0.5007620320855615 0.018578352180936994 0.17949197860962565
8 0.6051534733441033 0.48617647058823527 0.012116316639741519 0.1578609625668449
7 0.46940226171243943 0.48453208556149735 0.028336025848142106 0.07334224598930483
8 0.3247011308562197 0.5496657754010695 0.02718901453957999 0.22077540106951876
8 0.5824313408723748 0.5215240641711231 0.01938610662358643 0.18181818181818182
1 0.05622778675282714 0.8294117647058823 0.10127625201938611 0.33048128342245986
1 0.285391760904685 0.641283422459893 0.046066235864297235 0.24732620320855608
1 0.20569870759289177 0.5611096256684492 0.01585621970920842 0.10767379679144387