7 0.9146940418679549 0.67468 0.1690016103059582 0.6453066666666667
6 0.41557165861513684 0.5270533333333334 0.052061191626409035 0.18850666666666666
6 0.7895410628019324 0.4743866666666667 0.23247987117552335 0.2985333333333333
7 0.22715378421900162 0.5699466666666666 0.08789855072463768 0.15034666666666666
7 0.13864331723027373 0.55 0.10984702093397745 0.20426666666666674
7 0.3451086956521739 0.51432 0.04124798711755235 0.10314666666666668
7 0.5750644122383253 0.518 0.07156199677938808 0.13242666666666672
7 0.44890499194847017 0.48494666666666664 0.029082125603864736 0.08551999999999998
6 0.4822665056360709 0.4540666666666667 0.029734299516908265 0.10914666666666668
7 0.6251409017713365 0.5097466666666666 0.07450080515297913 0.13858666666666666
6 0.9544726247987116 0.45026666666666665 0.08944444444444438 0.19984
5 0.4434299516908213 0.4398933333333333 0.03127214170692425 0.15456000000000003
2 0.06791867954911433 0.6098133333333333 0.13583735909822867 0.1213866666666667
7 0.024818840579710143 0.5816133333333334 0.049637681159420285 0.1444533333333333