7 0.0703462157809984 0.74468 0.1406924315619968 0.5053066666666667
7 0.6886191626409017 0.6948133333333334 0.17414653784218997 0.37629333333333337
6 0.5813768115942028 0.49648000000000003 0.08726247987117552 0.2926933333333333
7 0.2805233494363929 0.5556133333333334 0.11743961352657001 0.1682933333333333
7 0.3191143317230274 0.5416266666666667 0.12239935587761677 0.15850666666666674
7 0.3340982286634461 0.53864 0.11465378421900159 0.13066666666666665
7 0.4025966183574879 0.5184266666666667 0.06847826086956518 0.07808
6 0.39935185185185185 0.4810533333333333 0.08561191626409016 0.13805333333333336
7 0.5324597423510468 0.5197066666666667 0.03010466988727857 0.07727999999999997
1 0.4783574879227052 0.48612000000000005 0.0705475040257649 0.07495999999999996
1 0.8493840579710145 0.4974 0.2980112721417069 0.9945333333333333