8 0.7733864379084967 0.6778378378378379 0.10512254901960791 0.6389189189189189
8 0.7004125816993465 0.646972972972973 0.158063725490196 0.7006486486486486
8 0.2993954248366013 0.6427297297297297 0.058823529411764705 0.4777297297297297
8 0.4947957516339869 0.5121891891891892 0.02696078431372549 0.24989189189189193
8 0.44515931372549017 0.4672837837837837 0.020694444444444383 0.21921621621621618
8 0.470453431372549 0.48251351351351346 0.019338235294117614 0.1912972972972973
8 0.5145547385620916 0.4864864864864865 0.017426470588235328 0.1776756756756757
0 0.3993423202614379 0.4492162162162162 0.030302287581699325 0.11972972972972976
1 0.8390114379084967 0.3517027027027027 0.020016339869281044 0.04037837837837837
1 0.8931781045751634 0.34737837837837837 0.07834967320261445 0.03518918918918918
1 0.3593382352941176 0.4438783783783784 0.02418300653594773 0.12478378378378376
1 0.2286111111111111 0.48177027027027025 0.07001633986928106 0.19370270270270273