0 0.6582487922705313 0.51812 0.02717391304347826 0.1854666666666666
8 0.6761916264090176 0.5101733333333334 0.017439613526570023 0.13981333333333335
8 0.693341384863124 0.5086666666666667 0.015297906602254429 0.14016
2 0.6904468599033816 0.5357866666666667 0.017914653784219 0.08106666666666668
0 0.6002133655394525 0.49973333333333336 0.010072463768115934 0.09050666666666667
1 0.8509460547504025 0.48181333333333337 0.29488727858293073 0.11808
1 0.9801127214170692 0.6870933333333334 0.0365539452495975 0.5389866666666667
1 0.6270611916264089 0.46456 0.026280193236714964 0.028373333333333372
1 0.5642954911433172 0.46888 0.05179549114331717 0.02666666666666667
1 0.5002415458937197 0.47922666666666663 0.021594202898550765 0.0335466666666667
1 0.3950322061191626 0.4800933333333334 0.01117552334943639 0.024933333333333318