7 0.0439170692431562 0.7136266666666667 0.0878341384863124 0.5674133333333333
7 0.9072705314009661 0.7338666666666667 0.1838486312399356 0.5269333333333334
7 0.4183333333333334 0.6153066666666667 0.1351046698872786 0.25322666666666677
8 0.7329388083735909 0.4887866666666667 0.014331723027375256 0.15778666666666663
7 0.7315619967793882 0.56216 0.07974235104669884 0.18538666666666662
7 0.7120370370370369 0.5377466666666667 0.058647342995169105 0.13517333333333334
7 0.5203945249597423 0.5257733333333333 0.05629629629629626 0.1294666666666667
7 0.5415499194847021 0.5077466666666667 0.04071658615136871 0.1013066666666667
7 0.6897423510466989 0.51508 0.04383252818035422 0.10813333333333336
1 0.022512077294685993 0.8096266666666667 0.045024154589371986 0.37008
1 0.18825684380032207 0.5076933333333333 0.0320048309178744 0.04562666666666663
1 0.6163848631239935 0.47834666666666664 0.1049275362318841 0.08357333333333335
1 0.6879951690821257 0.44473333333333326 0.026280193236714964 0.01975999999999999
1 0.7663808373590982 0.43696 0.025756843800322067 0.01802666666666672
1 0.4260185185185185 0.47319999999999995 0.01690016103059582 0.02149333333333334
1 0.4692471819645733 0.4706000000000001 0.03044283413848636 0.030106666666666646