7 0.5044726247987118 0.5638533333333333 0.05155394524959749 0.14082666666666668
6 0.923377616747182 0.6054666666666667 0.15163446054750396 0.7837333333333333
7 0.049750402576489536 0.71396 0.09950080515297907 0.5667466666666666
7 0.15608293075684382 0.7266933333333333 0.24284219001610308 0.45216000000000006
7 0.25638486312399356 0.65044 0.2040740740740741 0.30365333333333344
7 0.36361513687600644 0.5606133333333334 0.10454106280193234 0.17695999999999995
7 0.3732769726247987 0.5429066666666666 0.08631239935587766 0.14101333333333332
7 0.41952898550724643 0.5175733333333333 0.06870370370370374 0.09077333333333339
6 0.4629669887278583 0.46832 0.04168276972624797 0.06954666666666662
7 0.67841384863124 0.6330800000000001 0.12859903381642515 0.2473866666666667
7 0.6140177133655395 0.55208 0.0756360708534622 0.17642666666666673
8 0.5722745571658615 0.5452533333333334 0.017979066022544225 0.14410666666666672
7 0.5637157809983897 0.5067866666666666 0.03582125603864735 0.09416000000000001
7 0.5021376811594203 0.5169866666666667 0.030281803542673118 0.09141333333333333
7 0.13475040257648954 0.5258 0.10942028985507248 0.134
6 0.6799838969404186 0.4884266666666667 0.0785024154589372 0.10245333333333338
1 0.04048309178743961 0.7242400000000001 0.08096618357487922 0.5408533333333333
1 0.5281038647342995 0.46198666666666666 0.014822866344605449 0.05426666666666665
1 0.26690016103059583 0.47059999999999996 0.043462157809983915 0.040453333333333376
1 0.4103945249597423 0.44470666666666664 0.026280193236714964 0.0404533333333333