7 0.5061392914653784 0.7124533333333334 0.17836553945249595 0.5599466666666667
7 0.3200885668276972 0.5200933333333334 0.032351046698872794 0.053413333333333333
7 0.28504428341384863 0.5282 0.0320048309178744 0.054320000000000014
7 0.35732286634460547 0.5110266666666666 0.031183574879227068 0.05362666666666663
7 0.8187117552334944 0.5241733333333334 0.11117552334943652 0.11757333333333335
7 0.6314975845410628 0.5008 0.07051529790660228 0.10016000000000001
6 0.9029307568438004 0.50844 0.1404347826086957 0.17559999999999998
6 0.7807608695652174 0.53024 0.15809178743961363 0.2033066666666667
1 0.0160024154589372 0.58876 0.0320048309178744 0.08013333333333336
1 0.15414251207729468 0.52752 0.020024154589371984 0.0335466666666667
1 0.37297101449275366 0.4889866666666667 0.031062801932367136 0.03343999999999998