7 0.02783011272141707 0.7938000000000001 0.05566022544283414 0.4070666666666667
7 0.7206642512077295 0.6858133333333334 0.21933172302737516 0.43685333333333326
7 0.15193639291465377 0.6946000000000001 0.20851046698872788 0.32200000000000006
7 0.30569243156199677 0.5773466666666667 0.09051529790660227 0.198
7 0.4497544283413849 0.5052 0.02651368760064408 0.060426666666666656
7 0.3496417069243156 0.5430533333333333 0.06041062801932365 0.13256
7 0.39074476650563605 0.52708 0.03765700483091786 0.0813066666666667
7 0.5228502415458938 0.48993333333333333 0.018824476650563603 0.053679999999999985
7 0.5894766505636071 0.4772666666666667 0.056586151368760045 0.058533333333333305
1 0.0191304347826087 0.8191200000000001 0.0382608695652174 0.3510933333333333
1 0.4236714975845411 0.50508 0.02054750402576488 0.06114666666666668
1 0.4838325281803543 0.47318666666666664 0.009613526570048261 0.03874666666666667
1 0.8083051529790661 0.46197333333333335 0.11065217391304354 0.07840000000000001
1 0.5517995169082126 0.468 0.015338164251207785 0.0525333333333333
1 0.6627375201288245 0.42834666666666665 0.08096618357487918 0.03183999999999999