7 0.16773752012882448 0.72776 0.2411755233494364 0.41616000000000003
7 0.8891867954911432 0.7627866666666667 0.2200161030595813 0.4690933333333333
7 0.3011030595813205 0.6132933333333334 0.11695652173913047 0.22349333333333327
7 0.7343921095008051 0.6758 0.18456521739130435 0.3692
7 0.35383252818035427 0.5720266666666667 0.08352657004830918 0.1536
7 0.640877616747182 0.5877066666666667 0.10676328502415461 0.2270933333333334
7 0.4245611916264091 0.5191466666666666 0.03392109500805152 0.08240000000000001
7 0.6043438003220613 0.5530933333333333 0.06667471819645729 0.16112000000000004
7 0.5868397745571658 0.5307333333333334 0.04776972624798706 0.12381333333333334
7 0.5728462157809984 0.5185866666666666 0.04113526570048312 0.0997866666666667
1 0.48096618357487914 0.48268 0.04138486312399354 0.043919999999999994
1 0.5374758454106281 0.4766266666666667 0.021070853462157778 0.04909333333333332