7 0.8341948470209339 0.7618666666666666 0.33 0.4709333333333333
7 0.6134380032206119 0.5884533333333334 0.09877616747181969 0.26410666666666666
7 0.19348228663446054 0.6032266666666667 0.23376006441223837 0.26677333333333336
7 0.25106280193236713 0.5755600000000001 0.17270531400966183 0.22349333333333335
7 0.26138486312399356 0.5439066666666666 0.134621578099839 0.23138666666666663
7 0.2876449275362319 0.5546266666666667 0.11384057971014491 0.14727999999999997
7 0.338719806763285 0.5360133333333333 0.10152979066022547 0.12871999999999995
7 0.3588365539452496 0.5352933333333334 0.0935185185185185 0.12520000000000003
7 0.3591787439613527 0.51568 0.07495974235104667 0.12293333333333333
7 0.3678462157809984 0.51484 0.09260064412238325 0.11325333333333333
7 0.39947262479871176 0.4815333333333333 0.06087761674718202 0.09416000000000001
0 0.46664653784219007 0.48519999999999996 0.005466988727858355 0.047413333333333335
7 0.5493115942028985 0.5309066666666666 0.0399919484702094 0.10506666666666668
7 0.5137399355877618 0.4879466666666667 0.018188405797101476 0.04656000000000002
1 0.44659017713365534 0.4800666666666667 0.029927536231884024 0.05597333333333336
1 0.4932045088566827 0.46628000000000003 0.018985507246376845 0.04909333333333332