7 0.08055555555555555 0.8129866666666666 0.1611111111111111 0.3686933333333333
7 0.5556038647342995 0.5461733333333333 0.05045088566827695 0.13165333333333334
7 0.24207729468599032 0.7169200000000001 0.18806763285024153 0.37074666666666667
7 0.7597544283413848 0.532 0.17652979066022545 0.17119999999999996
7 0.7197463768115941 0.4954266666666667 0.1401851851851852 0.1870133333333333
2 0.34123993558776167 0.5878800000000001 0.04508856682769726 0.08066666666666666
7 0.36297101449275365 0.54868 0.04898550724637684 0.11757333333333335
7 0.28611916264090176 0.6037199999999999 0.08961352657004831 0.1755466666666667
7 0.662487922705314 0.5025866666666666 0.10328502415458944 0.12245333333333337
7 0.39739935587761677 0.53204 0.03280193236714981 0.07815999999999992
6 0.949524959742351 0.43939999999999996 0.09933977455716594 0.15341333333333335
1 0.4674235104669887 0.5094 0.10805152979066017 0.08013333333333336
1 0.5905998389694043 0.4809333333333333 0.03148953301127215 0.05770666666666663