7 0.030946054750402577 0.8020799999999999 0.061892109500805155 0.39050666666666667
7 0.36011674718196457 0.5593733333333333 0.04862318840579709 0.10968000000000007
7 0.5456199677938808 0.51432 0.039420289855072496 0.10042666666666666
7 0.3817914653784219 0.5434533333333333 0.04099033816425118 0.08770666666666671
7 0.4048309178743961 0.5190266666666666 0.031803542673107844 0.08578666666666664
7 0.06446457326892109 0.5954933333333333 0.07733494363929147 0.0916266666666667
7 0.10510466988727858 0.5902533333333333 0.0695330112721417 0.08914666666666668
7 0.1413888888888889 0.5818533333333333 0.07404991948470209 0.09666666666666666
7 0.18535024154589372 0.5808933333333333 0.06477455716586153 0.09591999999999999
1 0.02329710144927536 0.8423999999999999 0.04659420289855072 0.3045333333333333
1 0.011316425120772947 0.6077333333333333 0.022632850241545894 0.07669333333333331
1 0.4715901771336553 0.49993333333333334 0.09554750402576487 0.0853066666666667
1 0.6794041867954911 0.44902666666666663 0.027842190016103094 0.04909333333333332
1 0.5835748792270531 0.4481733333333333 0.07159420289855069 0.05080000000000003
1 0.9680958132045089 0.40503999999999996 0.060507246376811666 0.057706666666666705