7 0.5136916264090177 0.54972 0.05677133655394524 0.15282666666666667
8 0.7780636070853463 0.5183466666666666 0.026304347826087014 0.2046933333333333
7 0.9009460547504025 0.5055333333333333 0.12012077294685976 0.11277333333333331
7 0.3226650563607085 0.5150266666666666 0.04201288244766502 0.08157333333333334
0 0.6290821256038647 0.49628000000000005 0.04201288244766502 0.1082933333333333
6 0.5410386473429952 0.48850666666666664 0.031626409017713346 0.11210666666666672
8 0.4336272141706925 0.50336 0.010732689210950113 0.11216000000000001
6 0.3848470209339775 0.4928266666666667 0.021706924315619953 0.05605333333333328
7 0.4874355877616747 0.52168 0.034951690821256015 0.10565333333333335
1 0.45622383252818033 0.49302666666666667 0.022109500805153007 0.06114666666666668
1 0.3544001610305958 0.49476 0.012214170692431576 0.06461333333333338
1 0.5869565217391305 0.4593866666666667 0.0398228663446055 0.06634666666666665