7 0.053039452495974235 0.78536 0.10607890499194847 0.42394666666666664
7 0.3412157809983897 0.5588000000000001 0.07283413848631239 0.15658666666666665
7 0.8756924315619968 0.7558933333333333 0.24700483091787437 0.48288000000000003
7 0.7294444444444445 0.6786933333333333 0.1909983896940418 0.3884800000000001
7 0.6366787439613526 0.5883600000000001 0.10694847020933972 0.22312000000000004
7 0.37343800322061194 0.53692 0.0600644122383253 0.12935999999999998
7 0.6044162640901771 0.54964 0.06596618357487918 0.15581333333333336
1 0.042306763285024154 0.8622400000000001 0.08461352657004831 0.26485333333333333
1 0.4098752012882448 0.4938666666666666 0.007528180354267329 0.028373333333333372
1 0.4452898550724637 0.4835333333333333 0.035652173913043546 0.04562666666666663
1 0.5265418679549113 0.48181333333333337 0.04398550724637681 0.07322666666666669