7 0.504231078904992 0.6104266666666668 0.0627777777777778 0.17776
7 0.1534621578099839 0.60432 0.11600644122383251 0.17834666666666665
0 0.838840579710145 0.6417200000000001 0.14028985507246378 0.3177333333333334
6 0.5972705314009661 0.5612133333333333 0.07866344605475034 0.24450666666666665
8 0.34380434782608693 0.6194533333333334 0.02871980676328499 0.29512
6 0.26143317230273755 0.5518933333333332 0.06576489533011273 0.1253866666666667
7 0.35791062801932366 0.5819066666666667 0.0965942028985507 0.15938666666666662
7 0.3910507246376811 0.5698666666666666 0.08433977455716582 0.10794666666666664
7 0.4165217391304347 0.54832 0.05971014492753621 0.08858666666666666
7 0.437914653784219 0.5345333333333333 0.04462157809983903 0.05893333333333332
7 0.5635185185185185 0.56032 0.04186795491143317 0.09887999999999995
7 0.4857326892109501 0.5570266666666667 0.034396135265700505 0.10685333333333331
7 0.2756441223832528 0.5417866666666667 0.051465378421900174 0.07808
1 0.46299516908212557 0.4818 0.02940418679549113 0.03527999999999997
1 0.5257528180354266 0.48612000000000005 0.03512882447665056 0.0404533333333333
1 0.662475845410628 0.5007866666666667 0.01690016103059582 0.024933333333333318