7 0.09435587761674719 0.6231733333333334 0.18871175523349437 0.2920533333333333
7 0.13431159420289854 0.61244 0.18789855072463768 0.2625333333333333
7 0.228317230273752 0.5650533333333333 0.08045088566827693 0.14994666666666664
7 0.27142914653784217 0.5541466666666667 0.10696457326892111 0.13725333333333334
7 0.3618921095008052 0.52464 0.03806763285024157 0.09130666666666669
7 0.37462560386473426 0.5167866666666667 0.03525764895330114 0.07640000000000001
8 0.3285346215780998 0.5480133333333334 0.009935587761674698 0.12893333333333332
8 0.324182769726248 0.56332 0.011537842190016091 0.09170666666666663
1 0.4059621578099839 0.5076666666666667 0.022632850241545904 0.06632000000000002
1 0.47887681159420287 0.48612000000000005 0.018462157809983948 0.043919999999999994
1 0.5421658615136876 0.48697333333333337 0.042946859903381575 0.06978666666666664
1 0.6531038647342995 0.4559333333333334 0.021070853462157778 0.03874666666666667
1 0.8405314009661836 0.43868 0.31571658615136877 0.10429333333333336