7 0.3648590982286634 0.58856 0.0846296296296296 0.17002666666666663
7 0.05124798711755234 0.7742266666666666 0.10249597423510468 0.44621333333333335
7 0.25179549114331723 0.6171333333333333 0.10811594202898551 0.19197333333333336
7 0.5222705314009661 0.5147866666666666 0.02882447665056357 0.08184
7 0.4028743961352657 0.5479333333333334 0.0444927536231884 0.10493333333333332
7 0.6321859903381642 0.48944 0.09290660225442833 0.09482666666666667
7 0.6205877616747182 0.47626666666666667 0.07932367149758453 0.11082666666666667
6 0.7940780998389695 0.43404 0.08475845410628027 0.10050666666666673
1 0.4382608695652173 0.4982 0.024718196457326837 0.050799999999999956
1 0.4715901771336554 0.48268 0.013260869565217413 0.040453333333333376
1 0.5593478260869565 0.48613333333333336 0.035652173913043456 0.08186666666666671
1 0.49581320450885663 0.4895866666666667 0.02003220611916264 0.043919999999999994
1 0.7179428341384863 0.4438533333333333 0.06326086956521743 0.08013333333333336