6 0.8722463768115941 0.49866666666666665 0.25389694041867955 0.9973333333333333
7 0.15476650563607086 0.6160266666666666 0.2830917874396135 0.3100266666666666
7 0.17620772946859903 0.5909333333333334 0.1777938808373591 0.23066666666666674
7 0.2316545893719807 0.5734266666666666 0.18442028985507247 0.20754666666666663
7 0.31801127214170694 0.55112 0.14123993558776168 0.15562666666666664
6 0.3238003220611916 0.48342666666666667 0.163365539452496 0.2588533333333333
7 0.5795048309178744 0.5777599999999999 0.07131239935587756 0.16928000000000004
7 0.6490338164251207 0.5369733333333333 0.08869565217391302 0.12221333333333337
7 0.5158293075684379 0.4937733333333333 0.017342995169082095 0.04285333333333331
2 0.6676409017713366 0.6632666666666667 0.0651207729468599 0.29122666666666663
1 0.449975845410628 0.4999200000000001 0.08252818035426732 0.08874666666666667
1 0.03449275362318841 0.7569333333333333 0.06898550724637682 0.44410666666666665