7 0.5053985507246376 0.5589466666666667 0.05367954911433169 0.16808
7 0.7327657004830919 0.62464 0.15669082125603867 0.32032
7 0.6326932367149758 0.5591999999999999 0.11392109500805153 0.17279999999999995
7 0.20564814814814816 0.61788 0.15804347826086956 0.2630133333333333
7 0.03417471819645733 0.6550266666666666 0.06834943639291466 0.25581333333333345
7 0.12414653784219001 0.5922666666666667 0.1394524959742351 0.23600000000000007
7 0.38802334943639294 0.5325866666666667 0.05580515297906607 0.09898666666666668
7 0.47292270531400965 0.49213333333333337 0.025507246376811645 0.06357333333333334
7 0.2792954911433172 0.5436000000000001 0.07725442834138485 0.12176
7 0.37711755233494365 0.5212800000000001 0.04995169082125601 0.07370666666666671
7 0.5446900161030597 0.4880133333333333 0.020024154589371984 0.0465333333333333
7 0.1797584541062802 0.54984 0.09526570048309181 0.11914666666666668