7 0.9466053921568627 0.5661756756756757 0.10515522875816996 0.13851351351351351
7 0.8943709150326797 0.5630000000000001 0.10160130718954259 0.13178378378378375
7 0.8258455882352942 0.5620810810810811 0.09466503267973857 0.1419459459459459
7 0.5061560457516341 0.5075675675675676 0.02783496732026148 0.08194594594594601
0 0.4276348039215686 0.5536351351351352 0.04262254901960785 0.21316216216216216
0 0.4699509803921569 0.5362027027027026 0.04947712418300649 0.2093783783783784
0 0.4001919934640523 0.505472972972973 0.017083333333333353 0.101
8 0.15553921568627452 0.46659459459459457 0.013349673202614381 0.12810810810810813
8 0.11525735294117646 0.5197972972972973 0.02968137254901962 0.233
8 0.21267565359477125 0.4942297297297297 0.016887254901960774 0.1501351351351351
8 0.18062908496732027 0.4864594594594595 0.0196078431372549 0.1521621621621621
8 0.5237295751633988 0.6085405405405406 0.03812908496732023 0.3861621621621622
8 0.5574836601307189 0.5900540540540541 0.049019607843137254 0.3648108108108108
8 0.6104616013071895 0.6051891891891892 0.05773692810457513 0.42513513513513507
8 0.8454656862745097 0.7064594594594594 0.09395424836601297 0.5816756756756757
8 0.8524550653594771 0.6983783783783784 0.09940359477124179 0.5978378378378378
8 0.8796609477124182 0.6921081081081082 0.08768790849673197 0.5174054054054054
8 0.6040931372549019 0.6351486486486486 0.04820261437908497 0.46445945945945943
1 0.3530923202614379 0.47143243243243244 0.0064787581699346 0.07654054054054052