7 0.9068840579710145 0.7220933333333333 0.18462157809983892 0.55048
7 0.11380837359098228 0.76804 0.22761674718196456 0.45858666666666664
7 0.7460386473429951 0.6833333333333333 0.24320450885668274 0.44042666666666663
7 0.34646135265700484 0.54032 0.06553140096618357 0.14229333333333338
7 0.6017028985507247 0.5502133333333333 0.0855475040257649 0.19349333333333335
7 0.5762318840579711 0.5236666666666666 0.0604347826086957 0.14365333333333336
7 0.3748913043478261 0.5249466666666667 0.04330917874396133 0.10733333333333334
8 0.5907890499194847 0.47280000000000005 0.01288244766505636 0.1255466666666667
8 0.6043599033816425 0.47426666666666667 0.009927536231883999 0.12565333333333334
1 0.17471417069243156 0.49733333333333335 0.10284219001610308 0.06287999999999996
1 0.6749033816425121 0.45426666666666665 0.06964573268921095 0.09733333333333333