7 0.699279388083736 0.6895066666666667 0.20319645732689212 0.47997333333333336
7 0.06786231884057971 0.7629333333333334 0.13572463768115942 0.46880000000000005
7 0.1162157809983897 0.6914666666666667 0.2324315619967794 0.3990933333333333
7 0.15102657004830916 0.6537066666666667 0.2411352657004831 0.27781333333333336
7 0.6085990338164251 0.5980666666666667 0.09885668276972623 0.21304000000000003
7 0.5593035426731079 0.53696 0.04976650563607081 0.14463999999999994
7 0.3289492753623188 0.5503066666666667 0.12089371980676326 0.14381333333333335
7 0.34414653784219 0.5265466666666667 0.0806924315619968 0.14482666666666666
7 0.38300322061191633 0.5256 0.06864734299516911 0.08864000000000002
7 0.5330877616747182 0.5149333333333334 0.028252818035426758 0.07557333333333334
1 0.4127375201288245 0.46024 0.03409017713365538 0.02666666666666667
1 0.46638083735909824 0.4964666666666667 0.08929951690821263 0.106