7 0.49198872785829306 0.55264 0.04438003220611916 0.12117333333333333
7 0.21659420289855072 0.6356266666666667 0.21613526570048314 0.41018666666666664
7 0.2876449275362319 0.5868266666666667 0.13780193236714974 0.3021866666666667
7 0.34803140096618357 0.5641066666666668 0.09802737520128825 0.1506133333333333
7 0.3767109500805153 0.5293333333333333 0.08997584541062802 0.15610666666666673
7 0.3989975845410628 0.5336933333333334 0.07496779388083737 0.09490666666666668
6 0.5647222222222222 0.50148 0.06282608695652171 0.18888000000000002
7 0.48456521739130437 0.5181066666666667 0.02760064412238323 0.08341333333333334
5 0.05560386473429952 0.5047333333333334 0.11120772946859904 0.3598133333333334
1 0.4520652173913044 0.50164 0.028365539452495987 0.0646133333333333
1 0.9889694041867955 0.50164 0.018840579710145 0.1715466666666667