7 0.47340048348106367 0.5164893617021277 0.026688154713940374 0.08026595744680845
7 0.08871474617244157 0.7966622340425532 0.17742949234488314 0.4013563829787234
7 0.11701047542304593 0.6421409574468085 0.19021756647864627 0.2724734042553192
7 0.23112006446414182 0.5778590425531915 0.08942788074133762 0.15029255319148935
7 0.3240209508460919 0.5895744680851064 0.0950040290088638 0.1750531914893617
6 0.398058017727639 0.4946409574468085 0.053118452860596355 0.1844414893617021
7 0.42240934730056406 0.5218085106382978 0.02631748589846895 0.06813829787234044
7 0.061635777598710716 0.5907978723404255 0.12327155519742143 0.2138297872340425
7 0.2440088638195004 0.5426462765957447 0.06969379532634973 0.11970744680851061
1 0.32784045124899275 0.47843085106382977 0.07991941982272362 0.024840425531914904
1 0.4465874294923449 0.48961436170212763 0.021587429492344854 0.054069148936170174