7 0.880084541062802 0.7355866666666667 0.2382206119162641 0.5234933333333334
7 0.09272946859903382 0.7648533333333333 0.18545893719806764 0.46496000000000004
7 0.31100644122383253 0.5872933333333333 0.08987117552334944 0.18189333333333335
7 0.353792270531401 0.5599333333333334 0.06209339774557166 0.12775999999999998
7 0.3786231884057971 0.5419733333333333 0.04386473429951692 0.10389333333333335
7 0.39847826086956517 0.5297066666666667 0.03800322061191626 0.084
7 0.6732890499194847 0.4663333333333333 0.08607890499194844 0.10914666666666668
7 0.6409782608695652 0.464 0.06409822866344607 0.0954666666666667
7 0.9454830917874396 0.4087333333333333 0.10742351046698878 0.10690666666666668
7 0.9107407407407406 0.4136933333333333 0.10563607085346219 0.106
7 0.8860185185185184 0.4186533333333333 0.10263285024154592 0.08973333333333335
7 0.861485507246377 0.41996000000000006 0.094597423510467 0.086
7 0.4198309178743962 0.5166666666666667 0.03141706924315623 0.0687466666666666
7 0.5517954911433172 0.4989866666666667 0.031706924315619965 0.08250666666666666
1 0.4530998389694042 0.49474666666666667 0.02523349436392908 0.05770666666666663
1 0.5137761674718196 0.4869866666666667 0.03409017713365533 0.07669333333333331
1 0.5981521739130434 0.48181333333333337 0.015338164251207693 0.04218666666666665