8 0.5340359477124184 0.47048648648648644 0.01825163398692813 0.15351351351351347
8 0.2219403594771242 0.5360405405405405 0.03196895424836603 0.32505405405405413
8 0.8728186274509804 0.6938108108108108 0.10019607843137263 0.606972972972973
8 0.7676429738562092 0.6832162162162163 0.09272058823529412 0.6281621621621621
8 0.6253267973856209 0.4934324324324324 0.03084967320261437 0.20054054054054052
8 0.509264705882353 0.673945945945946 0.07642156862745095 0.6467027027027027
8 0.5202246732026143 0.7202162162162162 0.05366830065359482 0.5432432432432434
8 0.5765032679738563 0.6743513513513514 0.052598039215686274 0.5966486486486486
8 0.6130024509803922 0.7094594594594594 0.04940359477124176 0.4784324324324324
8 0.6470383986928104 0.6564864864864866 0.05374999999999997 0.5083243243243243
8 0.7096527777777778 0.6858783783783784 0.053962418300653556 0.49910810810810813
8 0.25361928104575165 0.6962432432432433 0.06382352941176471 0.4973513513513514
8 0.4494566993464052 0.5439999999999999 0.03910947712418301 0.32702702702702696
8 0.5161315359477124 0.5533378378378379 0.04816176470588239 0.3030540540540541
8 0.546813725490196 0.5381486486486486 0.051160130718954255 0.3264594594594594
8 0.6020302287581699 0.5306486486486487 0.05082516339869284 0.30681081081081074
6 0.1091830065359477 0.49864864864864866 0.2183660130718954 0.9972972972972973
1 0.40751225490196075 0.4352567567567568 0.01741013071895425 0.11100000000000006
1 0.3556944444444444 0.4412972972972973 0.010637254901960769 0.09551351351351345
1 0.28095588235294117 0.44217567567567573 0.04553921568627452 0.13170270270270268
1 0.8886928104575164 0.3370540540540541 0.21934640522875817 0.055891891891891914
1 0.673141339869281 0.3603108108108108 0.03512254901960785 0.01970270270270276