7 0.33195652173913043 0.6466 0.12763285024154591 0.3112266666666666
7 0.3997504025764895 0.5698933333333333 0.060338164251207776 0.1630933333333333
6 0.42396537842190013 0.50152 0.04909017713365537 0.16768
7 0.6217995169082127 0.5583999999999999 0.15392109500805148 0.1972266666666667
7 0.5911876006441223 0.5406133333333333 0.12021739130434778 0.13818666666666665
7 0.5480756843800323 0.5171066666666666 0.08009661835748794 0.11032000000000002
6 0.4476167471819646 0.49808 0.03140096618357488 0.09562666666666671
2 0.7763405797101449 0.6487333333333334 0.13958937198067642 0.26248
2 0.7205475040257648 0.6108266666666666 0.08597423510466987 0.2113066666666667
6 0.16219001610305958 0.6320933333333333 0.32438003220611916 0.73048
1 0.4984138486312399 0.4999333333333334 0.015861513687600682 0.0646133333333333
1 0.47262882447665056 0.4593866666666667 0.009090177133655366 0.03183999999999999