7 0.5060265700483092 0.5478266666666667 0.050700483091787464 0.13624
7 0.2276610305958132 0.6863466666666667 0.20290660225442833 0.4281066666666666
7 0.2839090177133655 0.6099066666666667 0.15337359098228665 0.26952
7 0.38837761674718196 0.5402399999999999 0.09849436392914653 0.13376
7 0.40936392914653785 0.5119600000000001 0.06231884057971013 0.09943999999999997
7 0.42194041867954907 0.50788 0.061835748792270585 0.0882933333333333
6 0.4560024154589372 0.46508 0.04836553945249592 0.0825333333333333
7 0.7337681159420291 0.6355466666666667 0.1909983896940419 0.3698133333333333
8 0.627536231884058 0.59932 0.031674718196457355 0.2506933333333333
7 0.6367230273752013 0.56924 0.08452495974235097 0.17405333333333328
7 0.6022745571658615 0.54264 0.05892914653784223 0.12634666666666666
7 0.5864492753623188 0.5135333333333333 0.05157809983896936 0.12722666666666668
8 0.5568196457326893 0.49709333333333333 0.011272141706924315 0.07797333333333335
7 0.07495169082125604 0.6384133333333334 0.14990338164251207 0.29272000000000004
7 0.50487922705314 0.5000266666666666 0.029613526570048378 0.08943999999999998
7 0.1857890499194847 0.5817466666666666 0.13249597423510465 0.19485333333333332
6 0.7243156199677939 0.48412000000000005 0.10009661835748787 0.12781333333333328
1 0.9220008051529791 0.8432666666666667 0.15269726247987125 0.3028
1 0.39763285024154593 0.43781333333333333 0.027842190016103045 0.03701333333333332
1 0.34581320450885666 0.44816 0.015861513687600682 0.02319999999999997