7 0.2631723027375201 0.6304666666666667 0.12262479871175522 0.23464000000000002
7 0.3254830917874396 0.58256 0.07766505636070857 0.1537066666666667
7 0.35881642512077294 0.5601866666666666 0.052673107890499206 0.12058666666666666
7 0.3836553945249597 0.5418666666666666 0.044154589371980704 0.09482666666666667
7 0.6922383252818035 0.46903999999999996 0.09801932367149759 0.12325333333333333
7 0.655096618357488 0.4694666666666667 0.07156199677938808 0.10581333333333327
7 0.9679468599033817 0.4039066666666666 0.062495974235104584 0.11858666666666666
7 0.9473148148148148 0.41524 0.10376006441223824 0.11735999999999998
7 0.9246296296296296 0.4207866666666667 0.11570048309178747 0.09906666666666668
7 0.8955233494363928 0.4192533333333333 0.10526570048309179 0.09413333333333336
7 0.40952495974235104 0.5270933333333333 0.034959742351046715 0.07605333333333328
7 0.5542230273752013 0.5065866666666666 0.035692431561996814 0.0916266666666667
1 0.5127375201288245 0.49387999999999993 0.040338164251207745 0.08013333333333329
1 0.4439895330112721 0.5042266666666666 0.029927536231884024 0.06978666666666664
1 0.6072665056360708 0.49302666666666667 0.021070853462157778 0.0646133333333333