7 0.06926731078904992 0.6972933333333333 0.13853462157809984 0.2296266666666667
7 0.4029307568438003 0.54816 0.0325442834138486 0.09525333333333333
6 0.3516747181964573 0.5304266666666667 0.03911433172302736 0.10432000000000001
7 0.2888888888888889 0.6086666666666667 0.06745571658615135 0.1403733333333333
7 0.2240901771336554 0.6162666666666666 0.07291465378421903 0.1314666666666667
0 0.13375201288244767 0.6505333333333333 0.06428341384863123 0.26122666666666666
8 0.37119967793880837 0.54804 0.007246376811594203 0.06450666666666674
7 0.9632004830917875 0.5746 0.07198872785829315 0.32493333333333324
7 0.23055152979066024 0.56616 0.05557971014492754 0.05802666666666664
7 0.770962157809984 0.4902266666666667 0.03145732689210954 0.05448000000000002
1 0.8012761674718196 0.4723066666666667 0.028880837359098233 0.06114666666666668
1 0.8525724637681159 0.46974666666666665 0.03461352657004832 0.0490933333333334
1 0.42784219001610313 0.5370133333333333 0.01117552334943639 0.06287999999999996