7 0.8518921095008051 0.7536 0.29460547504025764 0.4874666666666667
7 0.32982286634460545 0.53504 0.09072463768115943 0.11840000000000002
8 0.35020128824476654 0.5330533333333334 0.014541062801932368 0.16216
0 0.796622383252818 0.55212 0.09036231884057973 0.21421333333333337
7 0.5502173913043479 0.49512000000000006 0.06985507246376811 0.08794666666666665
7 0.7248631239935588 0.48612000000000005 0.08004830917874393 0.07704000000000004
6 0.9393397745571658 0.4702133333333333 0.08871175523349442 0.10352000000000006
7 0.4323510466988728 0.5119733333333334 0.057890499194847005 0.07856000000000002
7 0.21413043478260868 0.5281333333333333 0.06663446054750402 0.0855466666666667
7 0.46869162640901774 0.4877066666666666 0.01991143317230275 0.044426666666666656
7 0.43934380032206116 0.4933733333333333 0.023373590982286613 0.045893333333333355
1 0.03669484702093398 0.5102800000000001 0.04867149758454106 0.05426666666666665
1 0.4911231884057971 0.4602399999999999 0.040861513687600645 0.07840000000000001