7 0.8452697262479871 0.7392266666666666 0.30785024154589374 0.5162133333333334
7 0.06483896940418679 0.7920933333333332 0.12967793880837358 0.41048
7 0.24034621578099838 0.61148 0.1372624798711755 0.2703733333333333
7 0.4364533011272142 0.5140133333333333 0.03266505636070857 0.07181333333333335
7 0.3133977455716586 0.5644666666666667 0.08003220611916262 0.16466666666666666
7 0.3710426731078905 0.5384 0.04464573268921094 0.09402666666666665
7 0.5199315619967794 0.4909733333333334 0.02024959742351054 0.05832000000000001
7 0.5929991948470209 0.4763066666666667 0.06206924315619961 0.06413333333333329
6 0.7218840579710144 0.44029333333333337 0.06009661835748791 0.07392
1 0.4077898550724638 0.5102800000000001 0.02002415458937194 0.0646133333333333
1 0.47836151368760066 0.47403999999999996 0.01221417069243162 0.030106666666666646
1 0.4989371980676329 0.47664 0.012737520128824517 0.038720000000000025
1 0.9126811594202898 0.43610666666666664 0.17141706924315628 0.07151999999999999
1 0.6611755233494364 0.45249333333333336 0.05492753623188399 0.04909333333333332
1 0.5450241545893719 0.46887999999999996 0.02679549114331721 0.047360000000000055
1 0.4522262479871175 0.49316 0.015128824476650534 0.04178666666666671