7 0.10615539452495974 0.66104 0.21231078904991948 0.37439999999999996
7 0.13791062801932366 0.5839733333333333 0.26430756843800324 0.36735999999999996
0 0.39515297906602254 0.5513066666666667 0.023027375201288218 0.15994666666666663
7 0.9346417069243157 0.7533866666666666 0.12910628019323664 0.48789333333333335
7 0.8899476650563608 0.6998533333333333 0.21849436392914653 0.40664
7 0.8154428341384863 0.6486666666666666 0.2651529790660226 0.31967999999999996
7 0.7344323671497585 0.6092399999999999 0.21134460547504036 0.22797333333333328
7 0.7020330112721417 0.5692533333333333 0.16214975845410626 0.2302933333333333
7 0.3079066022544283 0.5529333333333334 0.12363929146537843 0.13290666666666667
7 0.33469404186795493 0.5407866666666667 0.10215780998389694 0.11736000000000005
7 0.5290177133655394 0.5269466666666667 0.04170692431562002 0.10184
7 0.5096417069243157 0.50524 0.023373590982286613 0.06551999999999998
6 0.4921256038647343 0.47343999999999997 0.01325281803542676 0.052
1 0.4465861513687601 0.48612000000000005 0.0705475040257649 0.07495999999999996