7 0.6538325281803542 0.62704 0.1574235104669888 0.38912
7 0.03821256038647343 0.7502400000000001 0.07642512077294686 0.49418666666666666
7 0.11132850241545894 0.7051733333333333 0.22265700483091788 0.4166933333333333
7 0.1339452495974235 0.6483733333333332 0.26595813204508856 0.30271999999999993
7 0.1967230273752013 0.6019866666666667 0.19104669887278586 0.24135999999999996
7 0.2749919484702093 0.5457466666666667 0.17254428341384864 0.23042666666666672
7 0.24807971014492755 0.5822533333333334 0.1521658615136876 0.22637333333333337
7 0.5965780998389695 0.5803066666666666 0.08602254428341387 0.1915466666666667
7 0.29324074074074075 0.5356666666666666 0.12044283413848629 0.19416
7 0.3297946859903382 0.5312666666666668 0.11380837359098225 0.14274666666666666
7 0.5367149758454105 0.5167466666666667 0.03392914653784218 0.08842666666666674
7 0.5685265700483092 0.5475466666666666 0.05834138486312402 0.15034666666666674
1 0.45232286634460556 0.5016533333333334 0.12992753623188405 0.11290666666666667