0 0.6800204248366013 0.5383648648648649 0.0283415032679739 0.28391891891891896
8 0.8161928104575163 0.6680945945945945 0.09021241830065366 0.6584054054054055
8 0.7471936274509804 0.48493243243243245 0.017785947712418378 0.16256756756756757
8 0.5124836601307189 0.5842027027027027 0.04026143790849671 0.3299189189189189
8 0.4698447712418301 0.5779324324324324 0.03491830065359478 0.31516216216216214
8 0.47864379084967323 0.5671486486486487 0.0393790849673203 0.35337837837837843
8 0.7285049019607843 0.5073243243243243 0.023709150326797462 0.1984324324324324
8 0.9043382352941175 0.5071486486486486 0.024705882352941185 0.22478378378378375
8 0.9265236928104575 0.5006756756756757 0.02915849673202619 0.2571351351351351
8 0.9230433006535949 0.5183513513513514 0.020678104575163354 0.2114594594594595
6 0.5014011437908497 0.4612837837837838 0.014697712418300661 0.05472972972972973