0 0.9856682769726248 0.6824933333333333 0.027053140096618283 0.62968
8 0.681755233494364 0.5948266666666667 0.03660225442834141 0.4028266666666666
8 0.961964573268921 0.6388666666666666 0.06167471819645726 0.4246133333333333
8 0.12266505636070853 0.5990933333333334 0.03737520128824478 0.2856533333333334
8 0.18323268921095007 0.5987199999999999 0.03326086956521739 0.30698666666666663
3 0.0886634460547504 0.6118399999999999 0.0426731078904992 0.14032
0 0.37370772946859904 0.5293333333333333 0.03049114331723028 0.16906666666666662
6 0.4463003220611917 0.4876266666666667 0.05707729468599033 0.14821333333333336
8 0.6869283413848631 0.5718799999999999 0.03482286634460548 0.32621333333333336
0 0.4925603864734299 0.5158533333333333 0.033752012882447724 0.1115466666666667
1 0.21898550724637683 0.5542666666666667 0.014299516908212554 0.16293333333333332
1 0.28747181964573265 0.5422 0.025233494363929125 0.11463999999999995
1 0.32237117552334943 0.49129333333333336 0.013776167471819657 0.10946666666666661
1 0.40049516908212557 0.5042266666666666 0.021070853462157823 0.06978666666666664
1 0.6419001610305958 0.5775466666666667 0.03409017713365533 0.22330666666666663
1 0.6244565217391305 0.48181333333333337 0.013776167471819657 0.0525333333333333
1 0.7249798711755233 0.6137733333333334 0.03148953301127215 0.20605333333333337