7 0.04188405797101449 0.73652 0.08376811594202899 0.3781600000000001
7 0.10442028985507246 0.6699066666666667 0.2088405797101449 0.24386666666666665
7 0.16816022544283413 0.6092399999999999 0.17194041867954912 0.2329866666666666
7 0.2267834138486312 0.59588 0.1487359098228663 0.18669333333333332
7 0.2790780998389694 0.5708266666666667 0.11351851851851853 0.15082666666666666
7 0.32956924315619973 0.5521866666666666 0.05290660225442832 0.09680000000000002
7 0.3525644122383253 0.5461466666666667 0.07078099838969401 0.09250666666666665
7 0.4036714975845411 0.5344 0.027101449275362385 0.07029333333333337
1 0.42992753623188407 0.5154533333333334 0.021594202898550765 0.05426666666666665
1 0.5601328502415458 0.49990666666666667 0.07263285024154584 0.06114666666666668
1 0.5057045088566828 0.5025066666666667 0.020024154589371984 0.04218666666666665
1 0.8923510466988728 0.4472933333333334 0.21207729468599032 0.1111733333333334
1 0.6973671497584542 0.45765333333333336 0.12210950080515305 0.08357333333333335