7 0.2169404186795491 0.54676 0.1068438003220612 0.118
6 0.2811030595813204 0.5042800000000001 0.08552334943639293 0.11559999999999998
8 0.7319404186795491 0.5492800000000001 0.024106280193236667 0.22997333333333328
7 0.38218599033816425 0.5182800000000001 0.06546698872785835 0.09127999999999997
7 0.44006843800322065 0.5019866666666667 0.03582125603864726 0.059919999999999994
7 0.5100281803542673 0.48868 0.026143317230273775 0.054
7 0.4813325281803543 0.5058933333333333 0.043389694041867946 0.0693866666666667
1 0.018087761674718195 0.5094 0.03617552334943639 0.0697866666666667
1 0.0830475040257649 0.4800933333333333 0.07471014492753622 0.059440000000000055
1 0.5452858293075683 0.4835333333333333 0.03773752012882448 0.04909333333333332
1 0.6356521739130435 0.46628000000000003 0.07471819645732686 0.09394666666666664
1 0.8593558776167474 0.4645466666666666 0.22315619967793887 0.04562666666666663