7 0.09367954911433171 0.78044 0.18735909822866342 0.43378666666666665
7 0.5677214170692432 0.5717333333333333 0.06407407407407402 0.14570666666666662
7 0.8094444444444444 0.53516 0.13592592592592598 0.18381333333333336
7 0.5477938808373591 0.5475333333333333 0.04508856682769726 0.11922666666666669
7 0.39524959742351046 0.5371733333333333 0.03785829307568436 0.09061333333333338
7 0.719134460547504 0.529 0.1105394524959742 0.11805333333333329
7 0.7644766505636071 0.54116 0.1179549114331723 0.1406133333333334
7 0.5225684380032206 0.5038666666666667 0.01966183574879224 0.06495999999999996
7 0.8430636070853462 0.7787333333333333 0.31226247987117556 0.4372
1 0.25231884057971016 0.52924 0.07471819645732686 0.06114666666666668
1 0.4267995169082126 0.5257866666666667 0.022632850241545904 0.06805333333333335
1 0.474194847020934 0.49906666666666666 0.0445088566827698 0.0525333333333333