7 0.49307010475423046 0.5471941489361702 0.05626107977437545 0.16917553191489365
6 0.08668412570507655 0.5273670212765957 0.1733682514101531 0.9399468085106384
7 0.07442788074133763 0.6711436170212767 0.14885576148267526 0.3401063829787235
7 0.20966156325543917 0.5855585106382979 0.11129734085414988 0.18861702127659571
7 0.3241257050765512 0.5988031914893617 0.11519742143432718 0.258563829787234
7 0.2986180499597099 0.5425531914893617 0.06376309427880741 0.11276595744680845
7 0.3861039484286865 0.5362765957446808 0.05291700241740533 0.12574468085106383
7 0.40919419822723613 0.5187234042553192 0.032264302981466576 0.07542553191489358
7 0.42713134568896044 0.5105585106382978 0.026559226430298084 0.06361702127659578
2 0.4354593070104754 0.4604920212765957 0.035350523771152303 0.12678191489361698
7 0.26628122481869465 0.5363829787234042 0.059250604351329596 0.0934574468085106