7 0.9989331723027375 0.51184 0.0005233494363929879 0.08783999999999999
7 0.4206360708534621 0.5891066666666667 0.24272141706924313 0.3216266666666667
7 0.009299516908212561 0.49613333333333337 0.018599033816425123 0.11216000000000001
7 0.9727012882447665 0.6373599999999999 0.0529871175523349 0.3342933333333333
7 0.6844243156199679 0.5562933333333334 0.09648148148148152 0.16095999999999996
7 0.9713003220611917 0.54536 0.055789049919484676 0.1624533333333333
7 0.7783494363929147 0.5000533333333333 0.05964573268921098 0.11151999999999998
1 0.007149758454106281 0.5171733333333334 0.014299516908212562 0.06805333333333329
1 0.5942471819645733 0.46801333333333334 0.028365539452495897 0.03874666666666667
1 0.6786191626409018 0.45765333333333336 0.01690016103059582 0.02149333333333334
1 0.7312238325281804 0.45592 0.011690821256038724 0.018026666666666642
1 0.8502616747181966 0.4852666666666666 0.08200483091787442 0.11117333333333333