7 0.47607890499194844 0.5335466666666666 0.03919484702093394 0.1053866666666667
7 0.13642109500805152 0.6618533333333333 0.1793317230273752 0.31384000000000006
7 0.33767713365539453 0.6823866666666667 0.14557971014492754 0.32749333333333336
7 0.39408212560386474 0.6032933333333333 0.0875201288244766 0.21719999999999998
7 0.3113365539452496 0.5474933333333334 0.11315619967793877 0.16085333333333332
6 0.4165780998389694 0.4888666666666666 0.0457971014492754 0.07186666666666672
5 0.7010869565217391 0.46894666666666673 0.2742834138486312 0.8487199999999999
8 0.9054669887278582 0.7138266666666667 0.10305958132045089 0.5670133333333334
7 0.5442310789049919 0.54572 0.046272141706924244 0.12242666666666666
7 0.5249315619967794 0.5247066666666667 0.032439613526570016 0.08418666666666673
5 0.5143961352657005 0.4652133333333333 0.040805152979066076 0.16711999999999996
7 0.19699677938808371 0.52356 0.07011272141706923 0.09719999999999997
7 0.4682528180354267 0.5157066666666666 0.026988727858293152 0.08159999999999998
7 0.01570450885668277 0.5643466666666667 0.03140901771336554 0.16378666666666672
1 0.014182769726247987 0.5663466666666667 0.028365539452495973 0.17674666666666666