7 0.07843397745571659 0.7898933333333332 0.15686795491143318 0.41488
7 0.18669082125603864 0.6907866666666667 0.16853462157809984 0.3030666666666667
7 0.28782608695652173 0.61532 0.1007246376811594 0.18610666666666664
7 0.8896135265700483 0.4922133333333333 0.21916264090177137 0.2565866666666667
7 0.821231884057971 0.4809866666666667 0.13666666666666658 0.22175999999999998
7 0.7693679549114332 0.4808533333333333 0.1348067632850241 0.18816
7 0.7157407407407408 0.4890133333333333 0.11929146537842188 0.15221333333333328
7 0.3542632850241546 0.56516 0.06445249597423507 0.12413333333333336
7 0.5897665056360709 0.5503466666666667 0.07249597423510463 0.16410666666666665
7 0.5664251207729468 0.5294800000000001 0.04925925925925931 0.13325333333333333
1 0.41586151368760066 0.5352800000000001 0.05700483091787436 0.11808
1 0.5262801932367149 0.5154533333333334 0.027842190016103 0.09911999999999997
1 0.48539049919484706 0.48612000000000005 0.02419484702093394 0.050799999999999956