7 0.49463768115942025 0.5101466666666666 0.02219001610305963 0.06989333333333335
7 0.6401328502415459 0.6188 0.12116747181964574 0.27850666666666657
7 0.9073510466988728 0.7435866666666667 0.18368760064412237 0.5074933333333334
7 0.09062399355877618 0.6335333333333334 0.16812399355877616 0.18781333333333336
7 0.6007326892109501 0.57484 0.07483091787439618 0.19474666666666668
8 0.5814371980676328 0.5083466666666666 0.009396135265700541 0.10570666666666663
7 0.5520410628019323 0.5258666666666666 0.03796296296296304 0.10074666666666666
7 0.5284178743961353 0.4986133333333334 0.02004025764895329 0.06463999999999995
7 0.37974235104669884 0.5325066666666667 0.0347181964573269 0.08239999999999995
7 0.3981682769726248 0.5223066666666667 0.029476650563607095 0.0675466666666667
1 0.34789049919484705 0.54392 0.0189855072463768 0.06634666666666665