7 0.4005394524959743 0.5142399999999999 0.06681159420289856 0.07792
7 0.5472504025764895 0.5170666666666666 0.03462962962962971 0.09658666666666667
7 0.45348228663446055 0.5303599999999999 0.033808373590982294 0.08893333333333332
7 0.333804347826087 0.5412133333333333 0.11854267310789046 0.13485333333333338
7 0.29261674718196456 0.58008 0.14993558776167473 0.1877866666666667
7 0.24832528180354269 0.5928 0.20682769726247988 0.24149333333333325
7 0.14450483091787442 0.606 0.22243961352657005 0.29157333333333335
7 0.1264975845410628 0.6356933333333333 0.2529951690821256 0.47495999999999994
7 0.6056239935587762 0.59792 0.08150563607085339 0.17855999999999994
7 0.7527697262479871 0.7687333333333333 0.2727536231884058 0.4572
1 0.5088285024154588 0.48784 0.03669082125603869 0.07151999999999999
1 0.44242351046698875 0.46368 0.03721417069243158 0.02319999999999997