7 0.41139291465378425 0.5048133333333333 0.059790660225442875 0.07074666666666667
7 0.5430193236714976 0.5043866666666666 0.030515297906602235 0.08663999999999995
7 0.45951288244766497 0.5175333333333333 0.02991143317230272 0.07842666666666666
7 0.33331723027375204 0.55308 0.11975845410628021 0.15149333333333334
7 0.30222624798711756 0.5651200000000001 0.15696457326892108 0.1866133333333333
7 0.23582125603864734 0.57284 0.1570692431561997 0.21357333333333334
7 0.20526167471819645 0.5843733333333333 0.2338727858293076 0.3216533333333333
7 0.5832608695652175 0.56096 0.06164251207729474 0.13792
7 0.6518800322061191 0.6573466666666666 0.1434702093397746 0.29352000000000006
1 0.04048309178743961 0.8570666666666666 0.08096618357487922 0.27519999999999994
1 0.5075322061191626 0.4766266666666667 0.029927536231884117 0.06978666666666664