7 0.9959057971014492 0.7602666666666668 0.006578099838969463 0.47413333333333335
7 0.6635024154589372 0.6696666666666666 0.17312399355877625 0.36237333333333327
0 0.28745974235104665 0.6396266666666667 0.05805958132045085 0.33232
7 0.23631642512077294 0.6667466666666667 0.13142512077294688 0.2636800000000001
7 0.5568599033816425 0.5804400000000001 0.09138486312399356 0.2240266666666667
7 0.2827294685990338 0.60136 0.09222222222222223 0.19178666666666672
7 0.485865539452496 0.5432666666666667 0.04509661835748791 0.1094666666666667
7 0.3453703703703704 0.5468666666666666 0.035571658615136885 0.08743999999999998
7 0.45978663446054757 0.52932 0.02892914653784215 0.0783733333333333
8 0.3322745571658615 0.5158533333333333 0.009750402576489544 0.08306666666666668
8 0.32408615136876007 0.5296266666666667 0.008671497584541048 0.08341333333333334
0 0.3390499194847021 0.62056 0.04457326892109497 0.26416
1 0.3741988727858293 0.5249333333333334 0.01950885668276974 0.07322666666666669
1 0.426280193236715 0.5111333333333333 0.038260869565217424 0.06978666666666664
1 0.3965901771336554 0.4999333333333334 0.009090177133655366 0.043919999999999994