7 0.815366344605475 0.7673866666666667 0.2965780998389693 0.4598933333333334
7 0.6700684380032206 0.6350399999999999 0.1213929146537842 0.2674133333333333
7 0.3864291465378422 0.56632 0.06464573268921096 0.14570666666666662
7 0.9478824476650564 0.596 0.10262479871175527 0.23621333333333336
7 0.412073268921095 0.5496133333333334 0.05023349436392913 0.11970666666666671
7 0.5727214170692432 0.51468 0.02879227053140096 0.08701333333333332
7 0.4305475040257649 0.54436 0.03850241545893719 0.08786666666666672
7 0.44367954911433166 0.5334533333333333 0.03479871175523343 0.08002666666666672
7 0.1880475040257649 0.556 0.10770531400966184 0.11125333333333341
1 0.29814814814814816 0.512 0.040338164251207745 0.07151999999999999
1 0.5036191626409018 0.4990533333333333 0.050233494363929224 0.05943999999999998
1 0.5351288244766506 0.4809466666666667 0.007004830917874433 0.0404533333333333