7 0.32 0.5931733333333333 0.0698389694041868 0.14826666666666674
7 0.5611916264090178 0.5317333333333333 0.05181964573268913 0.12805333333333335
7 0.35663043478260864 0.5642133333333333 0.054500805152979066 0.11173333333333335
7 0.38944847020933976 0.5318133333333334 0.03931561996779391 0.10192
7 0.4036030595813205 0.5208933333333333 0.03189210950080516 0.07858666666666667
6 0.9085547504025766 0.4170666666666667 0.09504830917874392 0.13829333333333338
7 0.0343317230273752 0.6091866666666667 0.0686634460547504 0.10989333333333336
7 0.06284621578099839 0.6032 0.10298711755233494 0.12165333333333335
1 0.4726368760064412 0.5025066666666667 0.09659420289855075 0.07669333333333331
1 0.9663727858293075 0.3852 0.06221417069243155 0.15258666666666668
1 0.6137801932367151 0.4473066666666667 0.029927536231884024 0.04218666666666665