7 0.059142512077294686 0.8112266666666667 0.11828502415458937 0.37221333333333334
7 0.7229911433172302 0.6887599999999999 0.25256843800322054 0.5574666666666667
7 0.1470169082125604 0.7437066666666666 0.24971819645732693 0.4248533333333334
7 0.538071658615137 0.5609333333333333 0.06949275362318845 0.1605333333333333
7 0.3495571658615137 0.5620933333333333 0.0537037037037037 0.11730666666666668
7 0.49928341384863123 0.53064 0.036280193236714935 0.10101333333333332
7 0.36944041867954913 0.5296533333333333 0.04144122383252816 0.10240000000000002
7 0.3871054750402576 0.5162266666666666 0.027093397745571686 0.06775999999999999
7 0.48145330112721413 0.50788 0.0258695652173913 0.07111999999999996
1 0.4292673107890499 0.4947600000000001 0.011690821256038634 0.03874666666666667
1 0.44840982286634457 0.49217333333333335 0.007785829307568405 0.043919999999999994
1 0.45896135265700483 0.47922666666666663 0.011690821256038634 0.0335466666666667
1 0.4124798711755233 0.5012133333333333 0.01404186795491143 0.03095999999999996