7 0.03464170692431562 0.6710533333333333 0.06928341384863124 0.3686666666666666
7 0.11219001610305958 0.5980533333333333 0.12346215780998387 0.21370666666666663
7 0.18911433172302738 0.57396 0.15004830917874398 0.1854666666666666
7 0.3300402576489533 0.52612 0.047938808373591 0.10946666666666661
7 0.3480756843800322 0.5178933333333333 0.04362318840579706 0.08975999999999999
8 0.2691988727858293 0.5665333333333333 0.017592592592592566 0.16917333333333331
8 0.2731078904991948 0.59192 0.013011272141706899 0.11893333333333339
1 0.9140177133655395 0.49732000000000004 0.1671658615136875 0.26642666666666664
1 0.7402133655394525 0.4559333333333333 0.17107085346215775 0.11117333333333333
1 0.38434782608695656 0.49734666666666666 0.034347826086956544 0.05426666666666665
1 0.45895732689210955 0.4818266666666667 0.021070853462157778 0.043919999999999994
1 0.5366948470209341 0.48050666666666664 0.04372785829307573 0.06202666666666664
1 0.2968800322061192 0.5064266666666667 0.025789049919484726 0.07258666666666666