7 0.4946698872785829 0.5263066666666667 0.036924315619967715 0.11570666666666671
7 0.9175362318840579 0.7025733333333334 0.16331723027375195 0.5895199999999999
7 0.8072222222222222 0.6837066666666667 0.2109661835748792 0.4346133333333333
7 0.7141586151368761 0.60984 0.17506441223832533 0.27365333333333336
7 0.3978582930756844 0.50924 0.02938808373590982 0.06055999999999995
7 0.2217109500805153 0.62188 0.12625603864734297 0.22456
7 0.6049114331723027 0.5234933333333334 0.09904991948470208 0.13749333333333333
7 0.5704025764895331 0.5105066666666667 0.07413848631239939 0.09792
6 0.5448631239935589 0.4890666666666666 0.05639291465378419 0.0866133333333333
7 0.3596014492753623 0.49565333333333333 0.032262479871175566 0.06767999999999999
7 0.37417069243156204 0.49470666666666663 0.02628019323671501 0.05794666666666664
7 0.41123590982286634 0.48734666666666665 0.01833333333333332 0.03666666666666667
7 0.33609903381642514 0.49245333333333335 0.02061996779388085 0.0504533333333333
1 0.4542713365539452 0.4559333333333334 0.022632850241545904 0.0646133333333333