7 0.8477616747181965 0.7770266666666666 0.302866344605475 0.4406133333333333
7 0.675402576489533 0.7697599999999999 0.2603864734299517 0.4551466666666667
7 0.5549798711755234 0.66484 0.11851046698872782 0.27165333333333336
7 0.486743156199678 0.6101866666666667 0.07601449275362317 0.19946666666666676
7 0.29992753623188406 0.59064 0.05291465378421902 0.1626133333333333
7 0.23202495974235104 0.67792 0.09873590982286634 0.2529066666666666
7 0.11438405797101449 0.7890266666666667 0.22876811594202898 0.4166133333333333
7 0.43767713365539457 0.5801733333333333 0.034452495974235074 0.10210666666666672
7 0.33657809983896936 0.56272 0.021078904991948477 0.07024000000000001
1 0.4074033816425121 0.5516666666666666 0.014822866344605496 0.07496000000000004
1 0.3784742351046699 0.534 0.01425925925925929 0.026133333333333363
1 0.3946376811594203 0.5366133333333334 0.009758454106280196 0.023573333333333342
1 0.35662238325281803 0.5361333333333334 0.011698872785829286 0.028373333333333372