7 0.31947303921568626 0.6343243243243243 0.14602124183006532 0.3033513513513513
0 0.971266339869281 0.4624324324324324 0.05583333333333327 0.24627027027027024
0 0.8934558823529413 0.45881081081081077 0.06893790849673193 0.18940540540540543
8 0.48245915032679737 0.5201216216216216 0.02759803921568625 0.19597297297297295
0 0.6908006535947712 0.46809459459459457 0.03794117647058819 0.11267567567567567
8 0.33748366013071895 0.533445945945946 0.023366013071895442 0.22370270270270265
0 0.7237949346405228 0.46890540540540543 0.023946078431372596 0.1298108108108108
8 0.1645547385620915 0.5625 0.02920751633986928 0.16543243243243239
8 0.14887663398692813 0.5699054054054055 0.025498366013071903 0.16002702702702704
0 0.2679125816993464 0.5575810810810811 0.06945261437908495 0.2081891891891892
8 0.18133169934640522 0.5622567567567568 0.025571895424836587 0.16640540540540538
8 0.1533578431372549 0.5704459459459459 0.033235294117647064 0.20862162162162162
8 0.25870915032679737 0.5449459459459459 0.018839869281045755 0.2056216216216216
7 0.9742075163398691 0.4196621621621622 0.049950980392156945 0.11337837837837834
7 0.9120710784313726 0.45129729729729734 0.11084150326797391 0.0966486486486487
1 0.39488153594771247 0.4843783783783784 0.02105392156862748 0.054162162162162214
1 0.5214501633986928 0.4559594594594594 0.025743464052287574 0.03348648648648653