7 0.10938808373590983 0.7688266666666667 0.21877616747181966 0.4570133333333333
7 0.9963888888888888 0.7917733333333334 0.005611916264090199 0.41112
7 0.23759259259259258 0.6604666666666666 0.17721417069243156 0.2929866666666667
7 0.8321256038647343 0.7484933333333333 0.33413848631239934 0.49768
7 0.39321256038647345 0.5333466666666666 0.04663446054750404 0.10856000000000002
7 0.6753582930756844 0.63456 0.13891304347826086 0.2954666666666667
7 0.621159420289855 0.5727066666666666 0.079951690821256 0.1891466666666666
7 0.5921618357487923 0.5472266666666666 0.06081320450885666 0.13856000000000002
7 0.4110064412238325 0.5231466666666666 0.04180354267310786 0.09519999999999997
7 0.5797826086956521 0.5278133333333334 0.04383252818035422 0.10917333333333333
1 0.5269323671497584 0.48310666666666663 0.050756843800322124 0.04130666666666669