7 0.9469035947712419 0.5679324324324324 0.10455882352941177 0.13867567567567568
7 0.8943995098039215 0.5628513513513513 0.10203431372549028 0.13181081081081075
7 0.8257761437908496 0.5623378378378379 0.09470588235294124 0.14197297297297298
7 0.5061968954248366 0.5073243243243244 0.027883986928104572 0.08194594594594592
8 0.16399101307189543 0.47522972972972977 0.01347222222222223 0.12754054054054054
8 0.24152369281045752 0.49782432432432433 0.019566993464052326 0.1473783783783784
0 0.45623366013071903 0.5019324324324325 0.028088235294117643 0.1566216216216216
8 0.21332107843137257 0.47681081081081084 0.013357843137254874 0.12032432432432436
8 0.31125816993464056 0.5562162162162162 0.033758169934640515 0.2604324324324324
8 0.33721813725490196 0.5508243243243244 0.027442810457516367 0.24959459459459457
8 0.36592728758169935 0.5616891891891892 0.056740196078431365 0.27078378378378387
8 0.5026960784313725 0.6010135135135135 0.049542483660130705 0.365972972972973
8 0.5405269607843137 0.5865405405405405 0.04322712418300651 0.31924324324324316
8 0.3642238562091503 0.6011216216216216 0.038464052287581735 0.3397567567567567
8 0.3991789215686275 0.5866351351351351 0.051887254901960826 0.3231081081081081
8 0.4303022875816994 0.5844594594594594 0.035571895424836616 0.2823783783783784
8 0.31480392156862746 0.5678783783783784 0.029542483660130694 0.2843513513513514