8 0.8943382352941177 0.6980675675675675 0.09521241830065356 0.5984594594594594
8 0.6919771241830065 0.5936216216216216 0.042271241830065365 0.40297297297297296
8 0.7075531045751634 0.5892027027027027 0.0377859477124183 0.3885135135135135
8 0.5405106209150327 0.46498648648648644 0.01688725490196075 0.16435135135135137
8 0.24545751633986929 0.5373378378378378 0.0324019607843137 0.32813513513513504
8 0.411078431372549 0.501945945945946 0.01830065359477127 0.17372972972972972
8 0.4312990196078431 0.49706756756756765 0.0196078431372549 0.18575675675675674
8 0.8953145424836599 0.6504594594594595 0.07515522875816995 0.4845405405405405
8 0.372140522875817 0.4933243243243243 0.020473856209150283 0.21259459459459465
8 0.3506617647058824 0.4753243243243243 0.02084967320261441 0.19167567567567573
8 0.3452083333333333 0.47877027027027025 0.019763071895424835 0.19413513513513517
8 0.5137173202614379 0.45310810810810803 0.012124183006535973 0.14600000000000002
6 0.10952205882352942 0.49864864864864866 0.21904411764705883 0.9972972972972973
1 0.461936274509804 0.44163513513513514 0.023954248366013113 0.10748648648648644
1 0.29678513071895424 0.4847432432432433 0.06352124183006536 0.17170270270270271
1 0.819485294117647 0.3784054054054054 0.35776143790849674 0.09032432432432433