7 0.7795813204508857 0.5519333333333334 0.10660225442834145 0.20792
7 0.682536231884058 0.5488266666666667 0.07872785829307566 0.19551999999999997
7 0.2547946859903382 0.5512266666666666 0.0488486312399356 0.10032
7 0.41177938808373593 0.5138666666666666 0.07579710144927534 0.10773333333333335
7 0.07849838969404187 0.5474666666666667 0.037850241545893726 0.08650666666666666
7 0.2046819645732689 0.5126133333333334 0.020201288244766507 0.06074666666666667
6 0.5506159420289856 0.65384 0.2534702093397745 0.5021866666666667
7 0.3690136876006441 0.6116266666666667 0.10337359098228663 0.18965333333333334
1 0.8933011272141707 0.5180266666666666 0.147632850241546 0.16810666666666665
1 0.10896537842190014 0.52968 0.014822866344605473 0.06202666666666664
1 0.1464573268921095 0.5064 0.04763285024154589 0.05167999999999999
1 0.015611916264090177 0.6927066666666666 0.031223832528180354 0.3052533333333333