7 0.5186151368760065 0.5970266666666666 0.07016103059581329 0.22103999999999996
7 0.6421095008051529 0.5548533333333333 0.10999999999999992 0.1744533333333333
7 0.5891022544283414 0.5336533333333333 0.06419484702093399 0.10586666666666664
7 0.5680837359098229 0.5239466666666667 0.05697262479871184 0.07866666666666666
7 0.06957729468599035 0.665 0.1391545893719807 0.24269333333333332
7 0.39366344605475034 0.5369866666666667 0.040869565217391254 0.08842666666666665
7 0.4497342995169082 0.5144666666666667 0.02586151368760065 0.06093333333333332
7 0.4792914653784219 0.5031466666666666 0.018115942028985508 0.04650666666666666
7 0.2957689210950081 0.5590133333333334 0.06530595813204505 0.10629333333333336
7 0.3315096618357488 0.5364800000000001 0.04456521739130437 0.10330666666666669
7 0.3769404186795491 0.5232666666666668 0.03655394524959745 0.06909333333333333
7 0.42402979066022545 0.5156133333333334 0.033776167471819635 0.04941333333333334
7 0.19396135265700484 0.5534933333333334 0.06971014492753622 0.10805333333333328
7 0.18409822866344605 0.5356533333333333 0.07351046698872787 0.07957333333333334