7 0.4835466988727859 0.5480133333333334 0.04701288244766504 0.12317333333333333
7 0.2490136876006441 0.6344533333333334 0.15537037037037038 0.2622933333333334
7 0.3363123993558776 0.5684533333333334 0.11484702093397745 0.1753066666666666
7 0.40152173913043476 0.5165466666666666 0.07075684380032206 0.09688000000000004
7 0.876292270531401 0.7611066666666667 0.245805152979066 0.4724533333333333
7 0.5886352657004831 0.5590266666666667 0.06364734299516914 0.14135999999999999
6 0.5390458937198067 0.48712000000000005 0.036175523349436446 0.11829333333333329
7 0.194621578099839 0.5755866666666667 0.10549114331723028 0.1590666666666666
7 0.4936634460547504 0.5194133333333333 0.030933977455716646 0.09344000000000005
7 0.11705716586151368 0.5466133333333334 0.10272946859903381 0.12106666666666668
1 0.05388083735909823 0.5038133333333333 0.02341384863123993 0.05685333333333332