7 0.5264371980676329 0.49692 0.024629629629629654 0.07165333333333335
7 0.45803140096618356 0.5068 0.024146537842190022 0.06394666666666664
7 0.35402576489533016 0.5310266666666666 0.1062157809983897 0.12872000000000003
7 0.3078542673107891 0.5394133333333333 0.1365780998389694 0.19471999999999995
7 0.5505917874396136 0.5318666666666666 0.04095813204508857 0.09605333333333337
7 0.5760305958132046 0.5717866666666667 0.07016103059581319 0.15610666666666664
7 0.19731884057971014 0.6164666666666666 0.2344283413848631 0.26685333333333333
7 0.049979871175523355 0.7711333333333333 0.09995974235104671 0.4524
1 0.42692834138486313 0.48829333333333336 0.033566827697262526 0.051680000000000066
1 0.4883252818035427 0.47372 0.010740740740740674 0.02946666666666662
1 0.5091223832528181 0.48704 0.013285024154589372 0.03525333333333333