7 0.49367149758454104 0.5473066666666667 0.0430595813204509 0.11706666666666668
7 0.16339774557165862 0.7029066666666666 0.19974235104669888 0.41066666666666657
6 0.27259661835748794 0.5459866666666666 0.20546698872785832 0.48418666666666665
7 0.34146537842190017 0.5732266666666667 0.12370370370370373 0.1624533333333333
7 0.4291022544283413 0.4962533333333334 0.0517149758454106 0.08408
6 0.5360386473429951 0.4888533333333333 0.03402576489533011 0.10640000000000001
7 0.4903220611916264 0.5191466666666666 0.027487922705314 0.08303999999999996
6 0.36884057971014494 0.53636 0.11818035426731081 0.17997333333333335
7 0.028913043478260868 0.6477733333333334 0.057826086956521736 0.3193866666666667
7 0.12601449275362317 0.5906 0.15848631239935587 0.24050666666666667
5 0.24851449275362322 0.46478666666666674 0.09039452495974236 0.1795466666666667
1 0.8047504025764896 0.5177200000000001 0.00766505636070852 0.07848000000000002
1 0.9762640901771337 0.52204 0.03529790660225455 0.10525333333333332
1 0.9116626409017712 0.5115733333333333 0.0999758454106279 0.05685333333333332
1 0.8296618357487923 0.49990666666666667 0.07809983896940419 0.106