7 0.8141626409017714 0.61368 0.17314009661835755 0.31925333333333333
7 0.916561996779388 0.62216 0.16526570048309178 0.28629333333333334
6 0.04652576489533011 0.5189066666666666 0.09305152979066023 0.19701333333333332
6 0.07705314009661836 0.5145733333333333 0.13262479871175523 0.16754666666666662
6 0.130426731078905 0.5217466666666667 0.08818035426731079 0.12103999999999997
2 0.4049476650563607 0.4754666666666667 0.056030595813204534 0.10325333333333334
1 0.19060386473429952 0.5024933333333333 0.031223832528180354 0.09565333333333334
1 0.32106682769726247 0.4818266666666667 0.10778582930756844 0.043919999999999994
1 0.5265418679549114 0.46757333333333334 0.09060386473429949 0.036160000000000005
1 0.6601328502415459 0.45722666666666667 0.09685185185185183 0.05167999999999999
1 0.601513687600644 0.46612000000000003 0.004927536231884062 0.044986666666666605