7 0.8468719806763285 0.7428 0.30464573268921097 0.5090666666666667
7 0.11175120772946859 0.75652 0.22350241545893718 0.41997333333333337
7 0.3771900161030596 0.55076 0.040209339774557165 0.09394666666666672
7 0.5394565217391304 0.5144533333333334 0.03401771336553945 0.08762666666666663
7 0.39408615136876 0.5374933333333334 0.03480676328502413 0.07664000000000003
7 0.11067632850241546 0.5852533333333334 0.06426731078904993 0.08058666666666667
7 0.14709339774557165 0.5786266666666667 0.057842190016103065 0.07837333333333338
7 0.18059178743961352 0.5711733333333333 0.06136070853462156 0.08474666666666666
7 0.21984702093397746 0.5696666666666667 0.05383252818035428 0.08423999999999994
1 0.42693236714975846 0.5102800000000001 0.04763285024154591 0.0646133333333333
1 0.4630072463768116 0.48950666666666665 0.02429146537842187 0.04093333333333339
1 0.5011916264090177 0.4986933333333333 0.03793880837359099 0.05274666666666667
1 0.6632608695652173 0.4559333333333334 0.020289855072463805 0.043919999999999994