7 0.07058373590982286 0.6583733333333333 0.14116747181964573 0.4382933333333333
7 0.31828099838969404 0.5292800000000001 0.08712560386473434 0.11120000000000005
0 0.8384500805152979 0.51188 0.06279388083735901 0.24365333333333328
0 0.7492109500805153 0.4979733333333334 0.033623188405797096 0.1733866666666667
0 0.7155032206119163 0.49934666666666666 0.018429951690821244 0.1342133333333333
7 0.6949194847020933 0.45412 0.01900161030595815 0.05122666666666669
1 0.45270933977455713 0.4585066666666667 0.02419484702093394 0.028373333333333296
1 0.48787037037037034 0.48310666666666663 0.01638486312399358 0.04130666666666669
1 0.6409943639291465 0.4442933333333334 0.07888083735909825 0.06720000000000005
1 0.948035426731079 0.43394666666666665 0.038260869565217376 0.05685333333333332
1 0.7925563607085346 0.4274666666666667 0.025756843800322067 0.038720000000000025