0 0.6689174836601307 0.587081081081081 0.05102124183006539 0.2264864864864865
0 0.47361111111111115 0.6184594594594595 0.050588235294117614 0.27708108108108104
8 0.5246037581699347 0.5496486486486487 0.01116830065359483 0.09962162162162166
8 0.10283088235294117 0.5596351351351351 0.016070261437908486 0.15894594594594597
8 0.12334558823529411 0.5585405405405406 0.0168872549019608 0.13675675675675675
0 0.48180964052287584 0.5434324324324324 0.02801470588235291 0.1049189189189189
8 0.24791666666666665 0.5590405405405405 0.01580065359477127 0.1423513513513514
8 0.23474673202614382 0.5581351351351351 0.017434640522875796 0.12140540540540537
8 0.47440767973856207 0.536 0.014975490196078465 0.11335135135135134
8 0.4924468954248366 0.5531486486486487 0.009534313725490256 0.11305405405405408
1 0.5859027777777778 0.5283243243243244 0.00621732026143792 0.0386486486486486
1 0.6015236928104575 0.5218378378378378 0.017148692810457524 0.02572972972972976