8 0.7102941176470589 0.6797567567567567 0.09107843137254903 0.6350810810810811
8 0.6811968954248366 0.6912567567567567 0.11013888888888894 0.6120810810810811
8 0.40319035947712417 0.6431216216216216 0.0657434640522876 0.531
8 0.32446486928104573 0.6425540540540541 0.07281862745098039 0.6159729729729729
8 0.7461928104575163 0.7057027027027027 0.10122549019607842 0.5831891891891892
8 0.4401552287581699 0.4838783783783784 0.018921568627451046 0.18451351351351347
8 0.43630718954248365 0.44866216216216215 0.019558823529411715 0.174027027027027
8 0.45026960784313724 0.4639054054054054 0.01089869281045745 0.1532162162162162
8 0.4817197712418301 0.4651351351351351 0.01491013071895425 0.14572972972972978
0 0.3464950980392157 0.45145945945945953 0.04148692810457514 0.1478918918918919
1 0.23902369281045752 0.48181081081081084 0.08902777777777778 0.19372972972972974
1 0.7608946078431373 0.3796891891891892 0.47494281045751635 0.07224324324324322