7 0.9465236928104576 0.5656891891891892 0.10531862745098046 0.13845945945945942
7 0.8943586601307189 0.5630540540540541 0.10147875816993467 0.13178378378378383
7 0.8258660130718954 0.5620135135135135 0.09464052287581692 0.1419189189189189
7 0.5061437908496732 0.5076351351351351 0.02782679738562087 0.08197297297297301
0 0.5061519607843137 0.5966486486486486 0.0744771241830065 0.31227027027027016
0 0.5554738562091504 0.5717432432432433 0.08187908496732028 0.2986756756756757
0 0.3696364379084967 0.5236756756756756 0.024517973856209144 0.13940540540540544
8 0.15617238562091504 0.46685135135135136 0.012524509803921556 0.1282972972972973
8 0.04749591503267974 0.5299189189189188 0.03642973856209151 0.2771351351351351
8 0.18764705882352942 0.49806756756756765 0.02076797385620914 0.1624054054054054
8 0.16459558823529413 0.48909459459459453 0.018586601307189542 0.1651081081081081
8 0.6248611111111111 0.6307702702702702 0.05148692810457515 0.450027027027027
8 0.6541870915032679 0.616635135135135 0.05033496732026145 0.4212702702702702
8 0.7405555555555556 0.6232162162162161 0.06694444444444439 0.48918918918918913
8 0.7395669934640523 0.6686621621621622 0.07281045751633987 0.5517567567567567
1 0.2855065359477124 0.4546621621621622 0.019493464052287593 0.06191891891891891
1 0.4484027777777778 0.4701621621621621 0.009338235294117606 0.02572972972972976