7 0.5273470209339773 0.5314133333333333 0.032326892109500786 0.07738666666666662
7 0.3630434782608695 0.5309466666666667 0.09112721417069243 0.10936000000000005
7 0.6498470209339775 0.5584533333333332 0.11880837359098224 0.14549333333333334
7 0.25006038647342993 0.5723733333333333 0.1746296296296296 0.23141333333333325
7 0.222073268921095 0.6042 0.21372785829307572 0.23335999999999998
7 0.18318840579710144 0.6465466666666666 0.24286634460547504 0.2869066666666667
7 0.11310386473429951 0.68132 0.22620772946859902 0.35944
7 0.08885668276972625 0.7546933333333333 0.1777133655394525 0.48528
7 0.8170732689210951 0.6325466666666666 0.2193478260869565 0.2873333333333333
7 0.8808937198067632 0.6796666666666666 0.2366022544283414 0.3369333333333334
1 0.42809983896940423 0.5038133333333333 0.07809983896940423 0.06719999999999997
1 0.4777053140096618 0.4857066666666666 0.011690821256038724 0.03615999999999993
1 0.5073953301127214 0.4999333333333334 0.028880837359098233 0.03874666666666667