7 0.4185144927536232 0.5254266666666667 0.030571658615136853 0.08514666666666669
7 0.15326892109500806 0.5168933333333333 0.061143317230273775 0.09725333333333333
7 0.2034621578099839 0.50652 0.04887278582930758 0.0724533333333333
7 0.9299194847020934 0.5819333333333334 0.0983574879227052 0.11309333333333332
7 0.24249597423510463 0.5110666666666667 0.04030595813204509 0.06469333333333331
7 0.44589371980676323 0.5037333333333333 0.020161030595813267 0.05194666666666664
7 0.48115539452495976 0.5395866666666667 0.04063607085346218 0.13410666666666674
7 0.0806561996779388 0.5338933333333333 0.08606280193236716 0.10202666666666664
0 0.7473913043478261 0.56764 0.025909822866344658 0.1305333333333334
7 0.9858977455716588 0.5812266666666666 0.026594202898550703 0.10159999999999998
1 0.3718518518518519 0.4856933333333333 0.010917874396135268 0.03095999999999996