7 0.3497630718954248 0.5996081081081082 0.11330065359477125 0.24321621621621625
0 0.87609477124183 0.46598648648648655 0.07910130718954261 0.20597297297297298
0 0.798827614379085 0.4628918918918919 0.057050653594771183 0.16605405405405405
8 0.46071895424836595 0.5180675675675676 0.025326797385620915 0.17148648648648646
0 0.6382843137254902 0.4753243243243243 0.034771241830065316 0.1053513513513514
8 0.3386397058823529 0.5250945945945946 0.01855392156862748 0.19310810810810808
0 0.7030678104575164 0.4716621621621621 0.02280228758169932 0.11786486486486482
8 0.18188725490196078 0.5523378378378379 0.017467320261437904 0.1472702702702703
8 0.1785825163398693 0.5588648648648649 0.020678104575163402 0.14183783783783788
0 0.26469771241830065 0.5502297297297297 0.06383986928104574 0.1869459459459459
8 0.23841503267973857 0.5491621621621622 0.023496732026143784 0.14648648648648646
8 0.21592728758169935 0.5577027027027027 0.027263071895424842 0.18010810810810807
8 0.3056699346405229 0.5253513513513514 0.01954248366013073 0.1821081081081081
7 0.9550163398692811 0.43229729729729727 0.08833333333333325 0.10518918918918915
7 0.8747794117647059 0.4605135135135135 0.10009803921568626 0.0890270270270271
1 0.5202736928104575 0.4611216216216216 0.021838235294117568 0.028297297297297293