7 0.8415338164251207 0.7441733333333334 0.3153220611916264 0.50632
7 0.33139291465378423 0.65024 0.15497584541062798 0.31354666666666664
7 0.650390499194847 0.6571466666666667 0.13559581320450884 0.3036266666666667
7 0.38245571658615135 0.5728666666666666 0.08210950080515299 0.19298666666666667
7 0.5947624798711755 0.5925199999999999 0.08329307568437998 0.19527999999999998
7 0.42591384863123993 0.5338133333333334 0.04108695652173911 0.11567999999999999
7 0.5572987117552335 0.5304666666666666 0.03749597423510471 0.09282666666666667
7 0.5355958132045089 0.502 0.020096618357487953 0.0596266666666667
6 0.529194847020934 0.4858 0.019919484702093405 0.07602666666666671
1 0.44841384863124 0.5193333333333333 0.023413848631239968 0.0723733333333333
1 0.4773188405797102 0.48829333333333336 0.024975845410628004 0.04133333333333333