8 0.6186070261437908 0.6853108108108108 0.0885866013071895 0.6239729729729729
8 0.5364215686274509 0.6632432432432432 0.08119281045751633 0.6681081081081081
8 0.4348325163398693 0.6642567567567568 0.06695261437908501 0.5011081081081081
8 0.4740032679738563 0.5033918918918919 0.024330065359477196 0.22370270270270265
8 0.43998366013071893 0.46225675675675676 0.016715686274509832 0.20251351351351354
8 0.46548202614379086 0.47331081081081083 0.014918300653594764 0.1766756756756757
8 0.5025122549019608 0.47733783783783784 0.017246732026143803 0.16608108108108113
0 0.4203513071895425 0.4440405405405406 0.028267973856209123 0.11516216216216212
1 0.24410130718954245 0.48567567567567566 0.10230392156862746 0.19113513513513514
1 0.34097630718954247 0.4494864864864865 0.025743464052287574 0.10843243243243245
1 0.3831658496732026 0.4494864864864865 0.030433006535947712 0.11875675675675675
1 0.8105024509803922 0.37195945945945946 0.3757271241830065 0.10327027027027025