7 0.13091384863123995 0.68472 0.2618276972624799 0.38970666666666665
7 0.6689130434782609 0.64348 0.12681159420289856 0.28434666666666664
7 0.2511111111111111 0.5942266666666666 0.18051529790660226 0.19458666666666666
7 0.32014492753623186 0.5568933333333332 0.11351046698872787 0.14456000000000002
7 0.34806360708534617 0.5510933333333333 0.11599838969404186 0.13301333333333332
7 0.3548268921095008 0.5426666666666666 0.10237520128824475 0.12149333333333334
7 0.6184420289855073 0.5829733333333333 0.08169887278582932 0.21010666666666664
7 0.5677375201288245 0.5411866666666666 0.03983896940418681 0.0966133333333333
7 0.38695249597423514 0.53816 0.07712560386473431 0.10767999999999998
6 0.5366183574879227 0.4867333333333333 0.023140096618357496 0.08258666666666667
7 0.4373429951690821 0.5049733333333334 0.04830917874396135 0.054320000000000014
1 0.4702133655394525 0.48222666666666664 0.037640901771336555 0.04856000000000002
1 0.5082407407407408 0.48558666666666667 0.0291384863123994 0.032346666666666656