7 0.23492753623188403 0.6728266666666667 0.17293075684380035 0.32015999999999994
7 0.8530595813204509 0.7516 0.2922705314009662 0.4914666666666667
7 0.3282528180354267 0.5926133333333333 0.09708534621578103 0.19082666666666667
7 0.6896175523349436 0.6311333333333333 0.1386714975845411 0.29069333333333336
7 0.36976650563607083 0.56148 0.07325281803542674 0.13703999999999997
7 0.6239613526570048 0.5718799999999999 0.08908212560386472 0.19538666666666668
7 0.43080112721417074 0.5161066666666667 0.03148953301127215 0.07759999999999999
7 0.5956199677938808 0.5448799999999999 0.05835748792270533 0.14447999999999994
7 0.5818035426731079 0.5259466666666667 0.04317230273752013 0.11386666666666671
1 0.4831803542673108 0.4844 0.06012882447665061 0.03354666666666663
1 0.5374798711755233 0.48441333333333336 0.020289855072463715 0.0490933333333334