7 0.8443518518518518 0.7582400000000001 0.30968599033816424 0.47818666666666665
0 0.06504428341384863 0.7262266666666666 0.13008856682769726 0.5422133333333333
7 0.1127657004830918 0.7813599999999999 0.2255314009661836 0.43194666666666665
7 0.6195813204508857 0.6147333333333334 0.14644122383252817 0.3487733333333334
7 0.22430354267310787 0.6600533333333334 0.15456521739130435 0.2864533333333334
7 0.5095169082125603 0.55904 0.05505636070853462 0.13626666666666665
7 0.34533011272141706 0.5580666666666667 0.04574879227053139 0.10386666666666663
7 0.47780998389694046 0.53944 0.032351046698872746 0.0914666666666667
0 0.20616747181964573 0.7394133333333333 0.13687600644122383 0.51584
1 0.4101368760064412 0.5038133333333333 0.01404186795491143 0.036160000000000005
1 0.43317632850241544 0.5038133333333333 0.01794685990338161 0.036160000000000005
1 0.38669887278582926 0.5232133333333333 0.023413848631239922 0.0646133333333333
1 0.4581763285024155 0.5206266666666667 0.022632850241545904 0.04909333333333332