7 0.8879790660225442 0.6989333333333334 0.22243156199677938 0.5968
7 0.08984702093397746 0.7855066666666667 0.17969404186795493 0.4236533333333333
7 0.5979710144927537 0.59924 0.10152979066022547 0.22551999999999997
7 0.3555877616747182 0.5835066666666666 0.06785829307568436 0.14855999999999994
7 0.5411674718196458 0.55108 0.04652173913043476 0.12445333333333337
7 0.3909098228663446 0.5471333333333334 0.046199677938808414 0.12024000000000001
7 0.41245169082125605 0.52976 0.028381642512077296 0.07610666666666673
0 0.4565821256038648 0.50644 0.006046698872785822 0.0477066666666667
0 0.4621537842190016 0.5055066666666667 0.005805152979066052 0.04514666666666668
7 0.5162439613526569 0.52284 0.027930756843800274 0.08061333333333338
1 0.4812278582930756 0.4999333333333334 0.004661835748792332 0.03874666666666667
1 0.4425523349436394 0.5063866666666667 0.010128824476650597 0.03095999999999996
1 0.4925523349436393 0.4908666666666666 0.011690821256038634 0.025786666666666635