7 0.7226811594202898 0.6276 0.21260869565217386 0.29242666666666667
7 0.04954106280193237 0.7153466666666667 0.09908212560386474 0.45197333333333334
7 0.12488325281803542 0.61732 0.23503220611916267 0.26109333333333334
7 0.6662278582930757 0.60684 0.16704508856682773 0.22791999999999998
7 0.19409822866344606 0.56644 0.16169082125603867 0.20711999999999997
7 0.23969404186795495 0.5519066666666667 0.12061191626409018 0.19778666666666672
7 0.2519927536231884 0.52644 0.09472624798711755 0.14018666666666665
7 0.37977455716586145 0.5134533333333334 0.031239935587761683 0.06679999999999996
1 0.8890056360708535 0.54908 0.03904186795491144 0.09048000000000002
1 0.8308132045088565 0.5206266666666667 0.042946859903381575 0.05426666666666665
1 0.35661433172302737 0.49345333333333335 0.019508856682769696 0.03095999999999996
1 0.31287037037037035 0.4908666666666666 0.022632850241545904 0.03095999999999996