7 0.06009259259259259 0.7820666666666666 0.12018518518518519 0.4305333333333333
7 0.05423510466988728 0.6684266666666666 0.10847020933977455 0.26783999999999997
7 0.1569927536231884 0.5930799999999999 0.13078099838969404 0.1740533333333332
7 0.5387479871175523 0.51172 0.02738325281803542 0.07890666666666668
7 0.5072584541062802 0.4963733333333333 0.029347826086956557 0.07626666666666665
7 0.5497946859903382 0.49348000000000003 0.022455716586151357 0.06786666666666663
7 0.775354267310789 0.46149333333333337 0.07317230273752012 0.08245333333333338
7 0.7444524959742351 0.4580533333333333 0.06376811594202902 0.07893333333333331
1 0.9123711755233495 0.45982666666666666 0.172085346215781 0.13480000000000003
1 0.5738486312399356 0.4666133333333334 0.01064412238325284 0.023573333333333342
1 0.2538808373590982 0.5193333333333333 0.026537842190016134 0.06202666666666664
1 0.2843478260869565 0.5128666666666666 0.028099838969404215 0.03874666666666667
1 0.31247181964573273 0.5012133333333333 0.026537842190016085 0.03095999999999996
1 0.349585346215781 0.5012266666666667 0.028880837359098233 0.036160000000000005
1 0.4511473429951691 0.4856933333333333 0.022632850241545904 0.03095999999999996