7 0.5081964573268921 0.58448 0.06429951690821258 0.1765333333333333
7 0.21399758454106282 0.5629733333333333 0.0861755233494364 0.1406133333333333
0 0.7431400966183574 0.5712933333333333 0.09394524959742356 0.22504000000000005
6 0.576292270531401 0.5218 0.05950885668276979 0.19474666666666668
8 0.3793921095008052 0.56716 0.01986312399355879 0.21880000000000002
6 0.3008816425120773 0.5219600000000001 0.04862318840579709 0.10093333333333332
7 0.37906199677938807 0.5454933333333334 0.08092592592592587 0.12997333333333336
7 0.40274959742351046 0.53516 0.07503220611916259 0.09064000000000003
7 0.42243558776167467 0.5260133333333333 0.05514492753623185 0.07783999999999999
7 0.4416827697262479 0.5088666666666667 0.04056360708534621 0.05336000000000005
7 0.4842109500805153 0.5374800000000001 0.035169082125603914 0.1066933333333333
7 0.2950925925925926 0.5123333333333333 0.044694041867954906 0.06797333333333336
1 0.5128703703703704 0.4766266666666667 0.01482286634460554 0.043919999999999994
1 0.6218558776167472 0.47016 0.037479871175523316 0.04650666666666666