7 0.2709057971014493 0.76088 0.21891304347826085 0.4729066666666667
7 0.6958816425120774 0.7167333333333332 0.21754428341384857 0.5611999999999999
7 0.620318035426731 0.6322133333333333 0.11116747181964577 0.27392
2 0.3814371980676329 0.6112266666666667 0.062455716586151365 0.13317333333333334
7 0.4051247987117552 0.5558799999999999 0.05797906602254423 0.14168000000000006
7 0.570012077294686 0.5699333333333334 0.07839774557165861 0.17357333333333333
7 0.4438405797101449 0.5073333333333333 0.023027375201288173 0.06522666666666661
7 0.5174355877616746 0.49848000000000003 0.022713365539452524 0.06256000000000002
1 0.4710708534621578 0.47403999999999996 0.01872785829307568 0.015439999999999978
1 0.5027093397745571 0.48052 0.028880837359098233 0.04909333333333332
1 0.4570048309178743 0.48957333333333336 0.015603864734299514 0.05167999999999999