7 0.8783333333333332 0.7375866666666667 0.24172302737520132 0.5194933333333334
7 0.11595410628019323 0.7479600000000001 0.23190821256038646 0.49874666666666667
7 0.7266505636070854 0.6809466666666666 0.2293880837359099 0.4318133333333333
6 0.6060346215780998 0.46119999999999994 0.1286070853462157 0.40789333333333333
7 0.5618397745571659 0.5178933333333333 0.05218196457326897 0.15973333333333334
7 0.5493478260869565 0.5201466666666666 0.04312399355877621 0.11138666666666669
7 0.5214935587761674 0.5080933333333333 0.029573268921094933 0.07767999999999999
7 0.4056924315619968 0.52424 0.02842190016103056 0.06816000000000001
7 0.5021819645732689 0.5035599999999999 0.03334943639291462 0.07624
7 0.476292270531401 0.4992266666666666 0.024533011272141636 0.052586666666666664
1 0.4445048309178744 0.48957333333333336 0.01090982286634466 0.04133333333333333
1 0.37873993558776164 0.49312000000000006 0.010764895330112725 0.044426666666666656
1 0.43118357487922704 0.4972533333333333 0.0053623188405796844 0.06442666666666673