7 0.47738114423851735 0.5116356382978723 0.03194198227236099 0.09609042553191488
7 0.09703062046736503 0.7633510638297872 0.19406124093473007 0.46797872340425534
7 0.09500402900886383 0.6349335106382978 0.19000805801772766 0.2625265957446808
7 0.30365028203062044 0.6123670212765957 0.11232876712328765 0.215
7 0.25547945205479455 0.5542287234042553 0.07909750201450441 0.1370212765957447
7 0.3504593070104754 0.5482712765957447 0.06643029814665592 0.14042553191489365
2 0.399709911361805 0.5013962765957446 0.04457695406929899 0.15220744680851062
6 0.4108299758259468 0.48863031914893623 0.043368251410153096 0.14188829787234042
7 0.4276390008058018 0.4985372340425532 0.02551168412570505 0.07196808510638299
6 0.44246978243352136 0.47736702127659575 0.018283642224012936 0.06845744680851067
7 0.03618049959709911 0.6001196808510638 0.07236099919419822 0.23279255319148945