7 0.3552495974235105 0.5628933333333334 0.05120772946859901 0.1145333333333333
7 0.5476006441223833 0.51544 0.04104669887278584 0.10416
7 0.37837761674718196 0.5467066666666667 0.042809983896940386 0.09111999999999996
7 0.40253623188405796 0.5249733333333334 0.03289855072463769 0.08818666666666665
6 0.8522624798711755 0.41117333333333334 0.07652173913043475 0.12026666666666673
7 0.051002415458937196 0.6029733333333334 0.08132850241545893 0.09538666666666669
7 0.09305958132045089 0.59748 0.07309178743961353 0.09277333333333332
7 0.13039049919484702 0.5849066666666667 0.0778341384863124 0.10010666666666672
1 0.43434782608695655 0.5050933333333333 0.026537842190016134 0.05167999999999999
1 0.4616908212560387 0.4869866666666667 0.029661835748792297 0.036160000000000005
1 0.48630434782608695 0.47403999999999996 0.010128824476650505 0.03095999999999996
1 0.5050523349436393 0.4856933333333333 0.021070853462157778 0.03874666666666667
1 0.6823953301127214 0.4507733333333333 0.025756843800322067 0.04650666666666666
1 0.6105233494363929 0.45076 0.0445088566827697 0.036133333333333365