7 0.49530998389694036 0.5436533333333333 0.046851851851851804 0.12613333333333338
7 0.12865539452495975 0.7557733333333334 0.2573107890499195 0.48312
7 0.29237922705314007 0.59504 0.1284621578099839 0.2327466666666666
7 0.33528582930756845 0.56656 0.1166747181964573 0.1829333333333333
7 0.3819605475040258 0.5315866666666667 0.08884863123993561 0.11671999999999995
6 0.421743156199678 0.48488 0.06814009661835749 0.11957333333333334
7 0.8481964573268921 0.7561333333333333 0.3019967793880838 0.4824
7 0.6975805152979065 0.6106266666666667 0.15293880837359103 0.32402666666666674
8 0.5746859903381643 0.53372 0.01557165861513681 0.12685333333333332
7 0.718341384863124 0.5340533333333334 0.11438003220611921 0.14448000000000003
7 0.0489975845410628 0.6404933333333334 0.0979951690821256 0.31229333333333337
7 0.4911996779388084 0.5100666666666666 0.02837359098228664 0.08573333333333334
7 0.11888486312399356 0.5818133333333334 0.15535426731078905 0.24021333333333345
7 0.21850644122383253 0.5538666666666666 0.1005072463768116 0.16901333333333332
6 0.8517995169082125 0.5080266666666666 0.17537037037037032 0.21327999999999997
7 0.24785426731078902 0.5061866666666667 0.058478260869565216 0.09514666666666668