8 0.3337520193861066 0.6950802139037434 0.05089660743134086 0.3928342245989305
8 0.7432956381260097 0.587687165775401 0.03630048465266554 0.2772459893048128
8 0.2858885298869143 0.6413636363636364 0.029725363489499203 0.33877005347593586
8 0.39522213247172855 0.5956951871657754 0.03446688206785139 0.26016042780748666
8 0.643578352180937 0.5537566844919787 0.02877221324717277 0.22965240641711235
8 0.4837883683360259 0.5466577540106952 0.021308562197092082 0.17941176470588233
8 0.45202342487883684 0.5407352941176471 0.014079159935379696 0.14917112299465238
8 0.4613812600969306 0.5252139037433156 0.012794830371567069 0.137379679144385
8 0.5682956381260097 0.5268850267379679 0.013069466882067811 0.148903743315508
6 0.9006865912762522 0.49866310160427807 0.0026171243941841755 0.9973262032085561
1 0.5205896607431341 0.5237032085561497 0.04114701130856224 0.11398395721925132
1 0.4236672051696284 0.5598395721925133 0.026882067851373162 0.10844919786096258