7 0.8536795491143317 0.7739733333333334 0.29103059581320456 0.44672
7 0.08658212560386473 0.6425866666666666 0.17316425120772946 0.5179199999999999
7 0.12816022544283415 0.6466000000000001 0.2563204508856683 0.3387466666666667
7 0.18277375201288246 0.5913066666666666 0.23960547504025767 0.28778666666666664
7 0.3033615136876006 0.5413866666666666 0.13269726247987118 0.1584
7 0.34430354267310787 0.51452 0.09946054750402575 0.1529866666666667
7 0.5696457326892109 0.5505733333333334 0.05782608695652169 0.14216
7 0.6882045088566827 0.68364 0.17742351046698865 0.3892
7 0.5423792270531401 0.5054266666666667 0.03685185185185184 0.10519999999999997
7 0.37737520128824475 0.5131866666666667 0.08162640901771336 0.09885333333333332
1 0.4417391304347826 0.4848266666666667 0.04112721417069237 0.064
1 0.48996779388083733 0.4667733333333333 0.04700483091787439 0.038986666666666676
1 0.5230998389694043 0.49870666666666663 0.03106280193236718 0.05288000000000003