7 0.06978260869565217 0.7567333333333333 0.13956521739130434 0.48119999999999996
7 0.40730273752012885 0.5478533333333333 0.0508373590982287 0.10680000000000003
7 0.19107487922705313 0.6614533333333333 0.16501610305958134 0.2930933333333333
7 0.3224396135265701 0.5788666666666666 0.06653784219001614 0.13176
7 0.5183333333333333 0.5094 0.023752012882447666 0.06877333333333331
7 0.6079790660225443 0.48618666666666666 0.07534621578099833 0.07743999999999998
7 0.5985547504025764 0.47835999999999995 0.06516103059581316 0.09208000000000001
6 0.752097423510467 0.43826666666666664 0.0711030595813204 0.08602666666666664
1 0.9559742351046698 0.46956000000000003 0.08489533011272146 0.13901333333333332
1 0.4727777777777778 0.4848266666666667 0.01093397745571662 0.030666666666666665
1 0.6782608695652174 0.44871999999999995 0.06964573268921095 0.0584533333333333
1 0.43671497584541064 0.5154 0.02938808373590982 0.07512000000000005
1 0.5528703703703703 0.47372 0.04364734299516911 0.04178666666666663