7 0.7005475040257649 0.7084666666666667 0.20169082125603865 0.3873333333333333
7 0.06439613526570048 0.6640800000000001 0.12879227053140097 0.5206933333333333
7 0.5498792270531402 0.5332266666666666 0.047600644122383254 0.1293866666666667
7 0.32840177133655396 0.5466133333333334 0.10216586151368759 0.13258666666666666
7 0.34667471819645734 0.5385066666666667 0.1114009661835749 0.12213333333333336
7 0.38600644122383254 0.5039866666666667 0.08057971014492757 0.11159999999999999
8 0.20488727858293077 0.5057866666666667 0.013961352657004811 0.14559999999999998
2 0.3307045088566828 0.6004 0.07033011272141709 0.13487999999999994
2 0.30761272141706925 0.6089066666666666 0.04377616747181965 0.1753066666666666
2 0.34296296296296297 0.5796 0.06135265700483091 0.13151999999999997
2 0.6199597423510467 0.6157866666666667 0.0890016103059581 0.1901333333333333
1 0.4455152979066022 0.49316 0.05874396135265694 0.07512000000000005
1 0.5105152979066022 0.4876133333333333 0.039452495974235106 0.08066666666666666
1 0.4870370370370371 0.4667866666666667 0.007584541062801899 0.016773333333333314