7 0.04855877616747182 0.6996533333333333 0.09711755233494364 0.59536
7 0.13068035426731078 0.62264 0.26136070853462157 0.3545066666666666
7 0.7689049919484702 0.48557333333333325 0.10178743961352663 0.1856
7 0.8235587761674718 0.49856 0.08848631239935587 0.1286933333333333
7 0.23936795491143317 0.5776 0.18511272141706925 0.2048533333333333
7 0.27075684380032206 0.5493466666666666 0.1333011272141707 0.17474666666666666
7 0.3006400966183575 0.5235466666666667 0.1486876006441224 0.17882666666666666
7 0.35738325281803546 0.50148 0.09816425120772944 0.13192
7 0.5581280193236714 0.47 0.062423510466988796 0.07455999999999995
1 0.4279066022544284 0.45983999999999997 0.05874396135265703 0.06954666666666662
1 0.8778502415458936 0.4653733333333333 0.05119162640901766 0.05288000000000003