7 0.5021618357487923 0.5509066666666667 0.06034621578099834 0.16250666666666666
7 0.09898953301127215 0.5540933333333333 0.146658615136876 0.20184
0 0.9311312399355879 0.66452 0.13612721417069237 0.44589333333333336
6 0.6188325281803542 0.5148933333333333 0.09528180354267313 0.29112
8 0.30550322061191626 0.59684 0.03327697262479874 0.3770933333333332
6 0.22739533011272137 0.5014933333333333 0.08057165861513688 0.1438933333333333
7 0.33965780998389694 0.5326000000000001 0.10946054750402576 0.18242666666666665
7 0.3572584541062802 0.5263066666666667 0.10107085346215783 0.13608
7 0.3800966183574879 0.5190933333333333 0.09433172302737518 0.11712000000000004
7 0.41203703703703703 0.4976266666666667 0.061900161030595854 0.09520000000000005
7 0.43587761674718195 0.4755466666666666 0.04727858293075687 0.06143999999999998
7 0.5714653784219001 0.50964 0.04711755233494362 0.10482666666666668
7 0.5559299516908212 0.48334666666666665 0.03812399355877619 0.09970666666666662
7 0.48650161030595807 0.5023066666666667 0.033695652173913064 0.10184
7 0.26053542673107893 0.48429333333333335 0.05694847020933974 0.08149333333333326
1 0.5163888888888889 0.43484 0.0142914653784219 0.052879999999999955
1 0.46103059581320455 0.4403866666666666 0.02938808373590982 0.05288000000000003