7 0.4508823529411765 0.5358244680851064 0.04405318291700239 0.13255319148936165
7 0.3438597904915391 0.5862765957446808 0.08636583400483482 0.21787234042553189
7 0.056567284448025786 0.6824202127659575 0.11313456889605157 0.33893617021276595
7 0.22885576148267525 0.5711702127659575 0.09187751813053988 0.15744680851063833
6 0.11173247381144238 0.5415691489361703 0.1267365028203062 0.20531914893617018
7 0.36310636583400485 0.5501196808510638 0.04659951651893633 0.11848404255319152
7 0.2930499597099114 0.541781914893617 0.05275584206285256 0.10340425531914893
7 0.22067687348912168 0.5368484042553192 0.05468170829975827 0.09034574468085106
6 0.3437228041901692 0.49375 0.03529411764705879 0.118563829787234
2 0.38858178887993555 0.4836968085106383 0.03735697018533442 0.13446808510638297
5 0.40343271555197424 0.465 0.020596293311845332 0.10787234042553193