7 0.4985950080515298 0.53184 0.04185990338164252 0.1311466666666667
7 0.13162640901771336 0.6825333333333333 0.2009339774557166 0.30266666666666664
7 0.8166545893719808 0.68028 0.2421980676328503 0.47079999999999994
7 0.6552093397745572 0.5698933333333333 0.13991948470209337 0.21157333333333334
7 0.6329267310789051 0.5467866666666668 0.11044283413848628 0.16909333333333332
7 0.6175281803542674 0.524 0.09069243156199677 0.15045333333333338
6 0.577169887278583 0.4982533333333333 0.0819404186795491 0.13389333333333328
7 0.5596578099838969 0.50456 0.0624074074074074 0.08335999999999998
7 0.5405394524959742 0.4919733333333334 0.04209339774557164 0.05695999999999996
7 0.3103502415458937 0.5204933333333334 0.052117552334943654 0.0985333333333333
6 0.42863929146537844 0.4723733333333333 0.03074074074074079 0.09226666666666665
7 0.3398470209339775 0.5174133333333334 0.03908212560386475 0.07967999999999999
7 0.36330917874396135 0.5144266666666667 0.030305958132045077 0.056480000000000016
7 0.3990982286634461 0.49776 0.025008051529790708 0.04528000000000005
7 0.2887761674718196 0.5125066666666667 0.031642512077294696 0.06853333333333331
7 0.06335346215780999 0.52188 0.03479066022544284 0.07965333333333327