7 0.08637681159420289 0.7864533333333333 0.17275362318840579 0.42175999999999997
7 0.20438405797101447 0.67472 0.164549114331723 0.27920000000000006
7 0.2878743961352657 0.6142 0.09247987117552336 0.18866666666666668
7 0.33825281803542673 0.5776933333333333 0.06711755233494365 0.13351999999999997
7 0.7674396135265701 0.4844 0.14454106280193244 0.176
7 0.7314895330112722 0.4683066666666667 0.09392914653784226 0.16098666666666667
7 0.7016425120772948 0.47926666666666673 0.09814814814814812 0.14173333333333335
7 0.9884500805152979 0.40242666666666665 0.021489533011272186 0.12373333333333343
7 0.9685466988727858 0.40248 0.06129629629629638 0.11941333333333333
7 0.6650442834138487 0.4811066666666666 0.09071658615136882 0.1185333333333333
7 0.3791747181964573 0.54712 0.04767310789049922 0.09893333333333332
7 0.5652898550724638 0.5276266666666667 0.049484702093397774 0.12336000000000005
7 0.5515136876006441 0.51776 0.0380032206119163 0.10634666666666666
1 0.42664653784219 0.5223333333333333 0.034420289855072464 0.08344000000000006
1 0.4895450885668277 0.4820533333333333 0.015966183574879167 0.03621333333333337
1 0.5268679549114331 0.5042933333333334 0.030225442834138458 0.0584533333333333