7 0.7636312399355878 0.7079066666666668 0.23314009661835752 0.42749333333333334
7 0.43139694041867954 0.5094266666666667 0.0692673107890499 0.08546666666666669
8 0.3733937198067633 0.5238533333333333 0.012342995169082159 0.1406133333333333
0 0.7491384863123993 0.5396266666666667 0.07125603864734299 0.17701333333333338
7 0.6133373590982286 0.4848266666666667 0.0634702093397745 0.07792
7 0.7701690821256039 0.47498666666666667 0.07763285024154586 0.07285333333333331
6 0.9637600644122384 0.4628933333333334 0.0708695652173913 0.09682666666666667
7 0.3793599033816425 0.51124 0.05438808373590983 0.07581333333333336
7 0.21024959742351046 0.5239333333333334 0.05705314009661837 0.07602666666666665
7 0.47569243156199675 0.48419999999999996 0.018937198067632926 0.04263999999999995
7 0.445817230273752 0.4906933333333333 0.022214170692431586 0.043786666666666633
1 0.046296296296296294 0.5292666666666667 0.07887278582930758 0.0862133333333333
1 0.3398429951690821 0.49734666666666666 0.006739130434782612 0.04456000000000002
1 0.5067391304347826 0.47650666666666663 0.05035426731078902 0.02512000000000004
1 0.554134460547504 0.4667733333333334 0.012616747181964632 0.027893333333333353