7 0.9613446054750403 0.74688 0.07570048309178742 0.44271999999999995
7 0.5857326892109501 0.5885866666666667 0.07731078904991948 0.1718933333333333
7 0.05980273752012883 0.7597599999999999 0.11960547504025766 0.47514666666666666
7 0.09949677938808374 0.6881333333333334 0.19899355877616748 0.35317333333333323
7 0.2220330112721417 0.6176266666666667 0.1976731078904992 0.21877333333333332
7 0.279158615136876 0.5930933333333334 0.1364170692431562 0.1616
7 0.5418719806763285 0.5488666666666666 0.04781803542673116 0.10952000000000006
7 0.37851851851851853 0.5458533333333333 0.08272141706924316 0.09570666666666663
7 0.38007246376811593 0.5163466666666666 0.05624798711755235 0.09381333333333335
7 0.5158333333333333 0.5052666666666666 0.019460547504025733 0.06114666666666668
1 0.44677133655394524 0.5001066666666667 0.07132045088566821 0.07232000000000001
1 0.49877214170692424 0.4848266666666667 0.01596618357487926 0.03621333333333329