7 0.5062882447665056 0.5611066666666666 0.05433172302737512 0.16984
7 0.8236352657004831 0.7017066666666666 0.2063365539452495 0.4777600000000001
7 0.6627938808373591 0.58044 0.13536231884057973 0.21426666666666658
7 0.056433172302737526 0.7227733333333333 0.11286634460547505 0.44949333333333336
7 0.0705475040257649 0.6182266666666667 0.1410950080515298 0.29218666666666665
7 0.34041062801932365 0.5604533333333334 0.08198067632850241 0.13893333333333333
7 0.4597906602254428 0.50016 0.030241545893719853 0.07413333333333337
7 0.2543156199677939 0.5558533333333333 0.0900966183574879 0.13778666666666664
7 0.3691264090177134 0.52652 0.053389694041867955 0.08018666666666664
7 0.5550201288244767 0.4868933333333333 0.019573268921095056 0.04573333333333335
7 0.14159420289855074 0.56276 0.11465378421900162 0.13655999999999996
1 0.5826489533011272 0.4820533333333333 0.01932367149758454 0.03621333333333337