7 0.9958977455716586 0.7241200000000001 0.006594202898550769 0.5464266666666666
7 0.36186795491143314 0.6676266666666667 0.18429951690821253 0.36965333333333333
7 0.8376650563607086 0.75912 0.3230595813204509 0.47642666666666666
7 0.7273711755233494 0.6768 0.17677133655394522 0.40186666666666665
7 0.9592028985507246 0.4925333333333333 0.07998389694041862 0.2151466666666666
6 0.9122181964573268 0.49354666666666663 0.16351851851851845 0.2553066666666666
6 0.8085950080515298 0.5122133333333333 0.1416022544283414 0.2267733333333333
7 0.4219565217391304 0.5701066666666668 0.07164251207729465 0.16789333333333337
7 0.45035024154589376 0.5399466666666667 0.06174718196457322 0.1295466666666667
7 0.7245813204508857 0.4999866666666667 0.06982286634460541 0.10733333333333334
7 0.6012721417069243 0.5228 0.039645732689210955 0.10725333333333333
7 0.4858896940418679 0.5139600000000001 0.03754428341384863 0.09042666666666666
5 0.5638808373590981 0.455 0.03673107890499195 0.12119999999999997
1 0.06600644122383253 0.5473333333333333 0.09144927536231885 0.038986666666666676
1 0.16874396135265698 0.53204 0.040289855072463764 0.05288000000000003
1 0.24506843800322062 0.53344 0.03190821256038647 0.027893333333333353
1 0.5021296296296296 0.4889866666666667 0.034420289855072464 0.06677333333333331
1 0.6491666666666667 0.47875999999999996 0.052568438003220586 0.08205333333333328