7 0.49677536231884056 0.5201333333333333 0.03528985507246371 0.11056000000000002
7 0.853780193236715 0.7391066666666667 0.2553220611916264 0.5164533333333333
7 0.7244082125603865 0.6335466666666666 0.18569243156199677 0.3775466666666667
7 0.6737761674718196 0.5832266666666667 0.15510466988727858 0.24314666666666668
7 0.6372504025764896 0.5491333333333334 0.12640096618357488 0.20274666666666666
7 0.6185064412238325 0.5413066666666667 0.09376006441223828 0.14965333333333333
7 0.6018276972624799 0.5244133333333333 0.09254428341384867 0.12029333333333336
7 0.4360547504025764 0.49144000000000004 0.01553945249597429 0.036426666666666656
7 0.4003140096618357 0.5174266666666667 0.02924315619967798 0.06818666666666665
7 0.568220611916264 0.5025866666666667 0.06594202898550723 0.08608
7 0.5491988727858294 0.4970266666666666 0.053357487922705296 0.06733333333333333
6 0.5365780998389694 0.48308 0.04391304347826093 0.06669333333333331
7 0.3889935587761675 0.49533333333333335 0.023913043478260905 0.05392000000000007
7 0.3669565217391304 0.4909866666666667 0.015716586151368745 0.041280000000000046
1 0.4559983896940419 0.47650666666666663 0.009259259259259259 0.030666666666666665