7 0.05619565217391304 0.7815866666666668 0.11239130434782608 0.43149333333333334
2 0.8740619967793881 0.7968133333333334 0.2502657004830918 0.40103999999999995
7 0.8568478260869564 0.6107866666666667 0.28469404186795494 0.3361333333333333
0 0.04229066022544283 0.7336933333333333 0.08458132045088566 0.52728
7 0.7086111111111111 0.58188 0.15491948470209338 0.20370666666666662
2 0.7380676328502416 0.6072666666666666 0.15429951690821256 0.2309066666666666
2 0.8257608695652174 0.4755466666666666 0.06910628019323675 0.16634666666666673
7 0.43359500805152984 0.5759066666666667 0.06408212560386475 0.13271999999999995
7 0.3446054750402576 0.5746933333333333 0.04315619967793883 0.13002666666666665
5 0.33515700483091787 0.5091733333333334 0.05416264090177132 0.224
1 0.2605877616747182 0.5265066666666667 0.07803542673107892 0.06954666666666662