7 0.35908212560386477 0.5333333333333333 0.03793880837359099 0.10698666666666667
6 0.3098792270531401 0.51112 0.04542673107890496 0.11205333333333337
7 0.19018115942028985 0.6199866666666667 0.10284219001610305 0.19373333333333334
7 0.11065619967793881 0.6320399999999999 0.11413043478260869 0.174
8 0.3385909822866344 0.5320533333333333 0.007648953301127214 0.06821333333333336
7 0.17491143317230273 0.5454399999999999 0.06302737520128825 0.062346666666666654
7 0.7289573268921095 0.48264 0.0334380032206119 0.06095999999999996
1 0.7763848631239936 0.4626266666666667 0.04784219001610312 0.07511999999999996
1 0.83006038647343 0.45566666666666666 0.012616747181964632 0.055653333333333346
1 0.8678140096618358 0.45566666666666666 0.04448470209339775 0.05010666666666672
1 0.942890499194847 0.4417866666666667 0.07048309178743958 0.06677333333333331
1 0.24464573268921097 0.5362133333333333 0.049516908212560384 0.061226666666666686
1 0.39057971014492754 0.5223333333333333 0.02938808373590982 0.07234666666666666