8 0.608331987075929 0.6257754010695188 0.042269789983844855 0.35326203208556156
8 0.34389741518578354 0.5887032085561497 0.030428109854604167 0.2802941176470588
8 0.2867285945072698 0.5871925133689839 0.025848142164781908 0.26791443850267377
8 0.727730210016155 0.5766577540106952 0.030694668820678513 0.2781283422459893
8 0.694919224555735 0.569331550802139 0.035541195476575124 0.2742780748663103
8 0.5382633279483037 0.5435294117647059 0.024232633279483037 0.1927272727272727
8 0.6069870759289177 0.625 0.030694668820678513 0.3147058823529412
8 0.5931583198707592 0.6004144385026738 0.040032310177706025 0.2762299465240641
8 0.5754684975767367 0.5895989304812834 0.022342487883683336 0.2479679144385027
8 0.6423828756058159 0.5582754010695188 0.02665589660743134 0.24473262032085563
8 0.6464781906300485 0.5344652406417112 0.024232633279483037 0.20235294117647054
7 0.46512116316639734 0.5157486631016043 0.037738287560581514 0.09614973262032088
1 0.5054846526655896 0.48483957219251334 0.012617124394184172 0.0473262032085562