7 0.4486341659951652 0.5379255319148936 0.04527800161160359 0.13622340425531915
7 0.3479975825946817 0.578404255319149 0.0788638195004029 0.203404255319149
7 0.07443190975020146 0.6814095744680853 0.14886381950040292 0.34489361702127663
7 0.033078162771958096 0.6106914893617021 0.06615632554391619 0.21537234042553197
7 0.2405600322320709 0.5640292553191489 0.08205479452054794 0.14518617021276597
6 0.1267969379532635 0.5374867021276596 0.11547945205479453 0.19284574468085103
7 0.29582997582594683 0.5388563829787234 0.04912973408541501 0.09819148936170209
7 0.22501208702659148 0.5359308510638298 0.05142626913779207 0.08686170212765956
6 0.3424939564867042 0.4934042553191489 0.03370668815471393 0.11457446808510642
2 0.38517727639000804 0.4843351063829788 0.03641418211120064 0.13101063829787238
5 0.39843674456083805 0.4654920212765958 0.020370668815471418 0.1065691489361702