7 0.16369565217391305 0.7178 0.3273913043478261 0.5590666666666667
7 0.9208132045088567 0.7119066666666668 0.15676328502415462 0.4825333333333333
7 0.5154468599033816 0.5951866666666666 0.10949275362318832 0.2084533333333332
8 0.8064613526570048 0.4968533333333333 0.016239935587761732 0.1514666666666667
7 0.8045450885668276 0.5532133333333333 0.07461352657004827 0.17256000000000002
7 0.6060024154589372 0.5201733333333334 0.053953301127214165 0.11954666666666662
7 0.6270652173913044 0.5056533333333334 0.03987922705314017 0.09573333333333335
1 0.5071658615136877 0.48344000000000004 0.1283574879227053 0.061226666666666686
1 0.6656763285024154 0.4917733333333334 0.05119162640901766 0.08343999999999997
1 0.7457729468599034 0.47373333333333334 0.040289855072463736 0.05845333333333338
1 0.7696739130434782 0.5181733333333334 0.026030595813204542 0.10845333333333337
1 0.7088727858293076 0.4709333333333333 0.020161030595813267 0.030666666666666665