0 0.7977369281045752 0.5112837837837838 0.0722222222222222 0.2612162162162162
8 0.7920179738562092 0.4799324324324324 0.018120915032679697 0.1712162162162162
8 0.33658496732026144 0.6935945945945946 0.07444444444444445 0.6074054054054054
8 0.24178513071895424 0.6736216216216216 0.08165849673202616 0.6078918918918919
8 0.30676470588235294 0.6653918918918919 0.08194444444444446 0.6638108108108108
8 0.6559191176470588 0.5252027027027026 0.029812091503267982 0.22856756756756763
0 0.8600898692810458 0.4977027027027027 0.07612745098039211 0.2083243243243243
8 0.8811846405228759 0.5160135135135135 0.027908496732026212 0.2788918918918919
8 0.9116053921568626 0.5103243243243243 0.033848039215686326 0.32756756756756755
8 0.8931821895424837 0.5315 0.026151960784313717 0.263972972972973
6 0.4944812091503268 0.45622972972972975 0.015236928104575238 0.05694594594594593