7 0.673635265700483 0.6446933333333333 0.1818438003220612 0.43994666666666665
7 0.09547906602254427 0.7390266666666666 0.19095813204508855 0.4789066666666667
7 0.1226328502415459 0.66972 0.2452657004830918 0.3378933333333334
7 0.17301127214170692 0.6101466666666667 0.20933977455716588 0.262
7 0.2621175523349436 0.54748 0.18404186795491143 0.24488000000000004
7 0.2319162640901771 0.5869066666666667 0.1644283413848631 0.24287999999999996
7 0.6048590982286633 0.5846533333333334 0.09308373590982287 0.20520000000000005
7 0.2834339774557166 0.5375333333333333 0.12767310789049918 0.20488000000000003
7 0.3237238325281804 0.53252 0.11905797101449275 0.14903999999999995
7 0.3685950080515298 0.516 0.08332528180354268 0.10138666666666662
7 0.38607487922705314 0.49504 0.06728663446054746 0.10527999999999997
7 0.539049919484702 0.5153733333333333 0.03515297906602261 0.09127999999999997
7 0.573389694041868 0.54936 0.06190016103059581 0.15829333333333329
1 0.44719404186795486 0.47232 0.06210144927536231 0.06677333333333331
1 0.49490740740740735 0.46286666666666665 0.028027375201288292 0.04349333333333334
1 0.5140217391304348 0.492 0.0254991948470209 0.06266666666666666