7 0.8688083735909823 0.7482933333333334 0.2607729468599034 0.49808
7 0.38379227053140097 0.5939333333333333 0.10653784219001615 0.31682666666666665
3 0.8180354267310789 0.75208 0.1305797101449275 0.49050666666666665
7 0.09659822866344606 0.7855733333333335 0.1931964573268921 0.42352
7 0.6332045088566828 0.59472 0.09098228663446055 0.18245333333333338
7 0.7165780998389694 0.6739333333333334 0.15946859903381638 0.3307466666666667
7 0.4626046698872786 0.5225866666666668 0.02884863123993562 0.08874666666666667
7 0.4206521739130435 0.5686666666666667 0.06312399355877615 0.1706133333333334
7 0.6094162640901771 0.5646533333333333 0.05691626409017718 0.14365333333333336
7 0.5856723027375201 0.5399866666666667 0.04384057971014496 0.10541333333333333
7 0.571292270531401 0.52784 0.03675523349436391 0.09013333333333336
1 0.5214251207729469 0.49317333333333335 0.0579066022544284 0.05845333333333338