8 0.5338071895424836 0.4690135135135135 0.013888888888888888 0.1591621621621621
8 0.24439950980392156 0.5367567567567568 0.02914215686274511 0.32735135135135146
8 0.607422385620915 0.7226216216216216 0.04683823529411759 0.4701621621621623
8 0.6587009803921569 0.6996081081081081 0.06017973856209157 0.5006216216216217
8 0.5187867647058824 0.5006891891891891 0.020155228758169993 0.19737837837837838
8 0.4981821895424837 0.5230135135135134 0.03703431372549023 0.2935405405405405
8 0.48258578431372545 0.5099864864864865 0.025874183006535913 0.26116216216216215
8 0.45296977124183 0.5183918918918919 0.029142156862745065 0.2905675675675675
8 0.43862745098039213 0.5219054054054054 0.03022875816993464 0.2956486486486487
8 0.4178063725490196 0.46909459459459457 0.018243464052287522 0.1661891891891892
8 0.3968218954248366 0.4714054054054054 0.013888888888888888 0.1674054054054054
8 0.39342728758169937 0.4789054054054054 0.021511437908496765 0.174027027027027
8 0.3307516339869281 0.4699189189189189 0.01715686274509804 0.17491891891891892
8 0.3477736928104575 0.4728378378378378 0.01280228758169936 0.15254054054054053
8 0.3640114379084967 0.47085135135135137 0.01715686274509804 0.175972972972973
6 0.10941176470588235 0.49864864864864866 0.2188235294117647 0.9972972972972973
1 0.7819362745098039 0.38340540540540546 0.43285947712418305 0.08897297297297294
1 0.2888398692810457 0.4834189189189189 0.046209150326797385 0.1500810810810811