7 0.6701328502415459 0.6496933333333333 0.1713123993558777 0.3791733333333334
7 0.21643719806763284 0.57604 0.18401771336553943 0.23373333333333327
7 0.14583735909822865 0.6085866666666667 0.24075684380032206 0.27866666666666673
7 0.29775764895330115 0.5717466666666666 0.14298711755233498 0.18125333333333332
7 0.3390942028985507 0.5345466666666666 0.07894524959742352 0.11805333333333336
7 0.3538808373590982 0.5289333333333334 0.07721417069243158 0.10064000000000002
6 0.3706964573268921 0.5070266666666666 0.08612721417069241 0.12562666666666664
7 0.5919444444444444 0.5112800000000001 0.05691626409017709 0.08143999999999998
7 0.5135024154589372 0.5020399999999999 0.02552334943639295 0.059119999999999964
1 0.4396457326892109 0.4764933333333333 0.04700483091787439 0.04733333333333333
1 0.48367954911433175 0.4737066666666666 0.03106280193236709 0.03621333333333337