7 0.04788244766505636 0.7123200000000001 0.09576489533011272 0.39797333333333335
7 0.1081400966183575 0.6156 0.216280193236715 0.2740266666666667
7 0.16252012882447664 0.6008933333333333 0.17066022544283413 0.2409866666666666
7 0.2447423510466989 0.5637733333333333 0.07589371980676332 0.14141333333333334
7 0.2842874396135266 0.54824 0.10078099838969405 0.12992
7 0.3678220611916264 0.5236666666666666 0.036400966183574864 0.08807999999999992
7 0.37939210950080515 0.5176 0.03390499194847022 0.07413333333333337
1 0.8325040257648954 0.4798533333333333 0.33162640901771345 0.17410666666666663
1 0.40458937198067635 0.50444 0.030193236714975844 0.05021333333333337
1 0.5394484702093397 0.49457333333333336 0.04532206119162638 0.07234666666666666
1 0.4815821256038647 0.489 0.023518518518518546 0.04455999999999995