7 0.6514331723027375 0.62936 0.1368276972624798 0.3513066666666667
7 0.128768115942029 0.66324 0.257536231884058 0.35944000000000004
7 0.1900402576489533 0.6095066666666666 0.2234782608695652 0.28247999999999995
7 0.21465378421900164 0.5700933333333335 0.16761674718196456 0.28168000000000004
7 0.25150161030595813 0.5740266666666667 0.13677133655394524 0.1742933333333333
7 0.3172906602254429 0.5567333333333333 0.11820450885668277 0.14866666666666667
7 0.3415740740740741 0.5492800000000001 0.10730273752012881 0.14261333333333331
7 0.3445209339774557 0.5290133333333333 0.08482286634460545 0.13813333333333336
7 0.35502012882447664 0.5233599999999999 0.10355072463768117 0.1261333333333333
7 0.39283011272141705 0.48737333333333327 0.06557971014492753 0.10114666666666661
0 0.46503220611916257 0.4846533333333333 0.005909822866344631 0.05074666666666667
7 0.5577858293075684 0.54456 0.04515297906602249 0.11935999999999998
7 0.6136956521739131 0.5136666666666667 0.08380032206119166 0.11469333333333331
7 0.5160587761674718 0.49494666666666665 0.019235104669887267 0.04898666666666668
1 0.44006441223832526 0.49733333333333335 0.02938808373590982 0.07232000000000001
1 0.494585346215781 0.4695466666666666 0.024355877616747183 0.03343999999999998