6 0.22744363929146538 0.6045333333333333 0.3258695652173913 0.7856000000000001
7 0.8553824476650563 0.7327199999999999 0.2876247987117552 0.5292266666666667
7 0.6590177133655395 0.5898 0.21555555555555558 0.2885066666666666
6 0.4016103059581321 0.5504133333333333 0.09342995169082131 0.2585333333333333
7 0.11178341384863125 0.75216 0.2235668276972625 0.44064000000000003
8 0.8104468599033817 0.5186133333333334 0.01905797101449272 0.18608
8 0.5898631239935588 0.5175466666666666 0.013687600644122383 0.12378666666666663
7 0.5420893719806763 0.5355333333333333 0.03846215780998388 0.10893333333333331
7 0.5285024154589372 0.5177466666666667 0.034363929146537894 0.10333333333333333
8 0.47665056360708535 0.4961466666666667 0.007246376811594203 0.05943999999999998
8 0.480012077294686 0.49873333333333336 0.00617552334943636 0.057839999999999996
7 0.4474838969404187 0.49549333333333334 0.014871175523349458 0.05167999999999999