7 0.8472463768115942 0.7787333333333333 0.3038969404186796 0.4372
7 0.3732689210950081 0.59228 0.059194847020934006 0.15794666666666665
7 0.13505636070853463 0.7691066666666667 0.27011272141706927 0.4564533333333333
7 0.6935628019323671 0.7186533333333334 0.1778502415458937 0.4006133333333334
7 0.5902858293075685 0.6120666666666666 0.08366344605475047 0.20658666666666667
7 0.552133655394525 0.57132 0.06098228663446056 0.15575999999999998
7 0.5330032206119163 0.5683333333333334 0.04708534621578101 0.11613333333333337
7 0.39342995169082123 0.5705466666666666 0.04563607085346216 0.11447999999999994
7 0.41100644122383256 0.5502133333333333 0.03054750402576494 0.07930666666666661
7 0.6317028985507247 0.5143066666666667 0.054629629629629646 0.08930666666666669
1 0.46942028985507245 0.52232 0.06797101449275368 0.06677333333333331