7 0.10044283413848631 0.78296 0.20088566827697263 0.42874666666666666
7 0.3378059581320451 0.6702133333333333 0.11298711755233498 0.2719466666666666
7 0.21119162640901773 0.6890666666666666 0.15502415458937197 0.29184
0 0.6927858293075685 0.65864 0.11132045088566836 0.31034666666666666
7 0.9733937198067633 0.5895733333333334 0.05160225442834132 0.3031466666666667
0 0.7501932367149758 0.6886133333333334 0.12690821256038648 0.3772266666666666
8 0.10449677938808373 0.6458133333333334 0.027914653784219003 0.28847999999999996
7 0.4169847020933977 0.5755600000000001 0.04313204508856678 0.12616
7 0.44170692431562 0.5457466666666667 0.0231561996779388 0.07117333333333332
6 0.45024154589371984 0.5208933333333333 0.019452495974235078 0.07543999999999998
7 0.5499074074074074 0.54536 0.07770531400966182 0.10208
7 0.5195289855072464 0.5354666666666666 0.05297101449275359 0.0738666666666667
6 0.3884903381642512 0.5852133333333333 0.07216586151368765 0.21159999999999998