7 0.49465780998389697 0.5020266666666666 0.022085346215781048 0.07183999999999999
7 0.13606682769726247 0.74864 0.27213365539452494 0.4973866666666667
0 0.6988768115942029 0.5948 0.1308132045088567 0.4535466666666666
8 0.6480998389694043 0.59128 0.02818035426731079 0.3302399999999999
8 0.6073067632850242 0.5834666666666667 0.0254991948470209 0.25647999999999993
8 0.1506723027375201 0.6364 0.0319404186795491 0.33552
7 0.1361070853462158 0.62756 0.13765700483091786 0.19085333333333332
7 0.34734702093397746 0.5321333333333333 0.038446054750402574 0.07205333333333336
0 0.6561916264090177 0.5574533333333332 0.09111111111111117 0.32749333333333336
1 0.4279066022544284 0.49316 0.0419645732689211 0.04178666666666671
1 0.5650322061191626 0.48342666666666667 0.010933977455716528 0.055653333333333346