8 0.8635661764705883 0.6813513513513514 0.07379901960784317 0.608054054054054
8 0.8851348039215687 0.6841756756756757 0.05843954248366011 0.5832702702702702
8 0.5412295751633986 0.4646081081081081 0.016070261437908462 0.16451351351351354
8 0.24678513071895425 0.5370135135135135 0.03172385620915036 0.3275945945945946
8 0.43321486928104586 0.5231081081081081 0.024616013071895423 0.21162162162162157
8 0.46357026143790847 0.5151486486486486 0.025098039215686298 0.22586486486486484
8 0.7040155228758169 0.5647027027027027 0.04546568627450979 0.330918918918919
8 0.4023733660130719 0.4877162162162162 0.022246732026143804 0.21100000000000005
8 0.39722222222222225 0.47747297297297303 0.019248366013071897 0.19267567567567565
8 0.3661887254901961 0.47955405405405405 0.02453431372549022 0.20056756756756752
8 0.36338235294117643 0.4793918918918919 0.023071895424836564 0.20645945945945943
8 0.4949223856209151 0.45131081081081087 0.011576797385620882 0.14591891891891887
8 0.5354166666666665 0.46559459459459457 0.01606209150326795 0.14313513513513515
6 0.10948937908496731 0.49864864864864866 0.21897875816993462 0.9972972972972973
1 0.3068954248366013 0.45563513513513515 0.07727124183006534 0.17786486486486486
1 0.7876184640522876 0.3945135135135135 0.4190277777777778 0.11118918918918916