7 0.047045088566827695 0.6863866666666666 0.09409017713365539 0.5063199999999999
7 0.3087520128824477 0.5335466666666666 0.09185185185185184 0.11669333333333338
0 0.8593760064412238 0.5129733333333334 0.06902576489533013 0.25826666666666664
0 0.7633454106280193 0.50056 0.03677133655394522 0.18213333333333337
0 0.7252375201288245 0.5007333333333333 0.017334943639291445 0.1393866666666667
7 0.699585346215781 0.45609333333333335 0.01892914653784218 0.05261333333333338
1 0.4488687600644122 0.46538666666666667 0.026867954911433175 0.030666666666666665
1 0.4861956521739131 0.4764933333333333 0.012616747181964632 0.04733333333333333
1 0.6312882447665056 0.45289333333333326 0.10151368760064415 0.05010666666666665
1 0.8032246376811595 0.42789333333333335 0.034420289855072464 0.055679999999999986
1 0.3423550724637681 0.51816 0.05706119162640902 0.064