3 0.0930573505654281 0.8433957219251337 0.1861147011308562 0.30786096256684486
8 0.3556260096930533 0.6922727272727272 0.05285137318255251 0.5670588235294117
8 0.3014095315024232 0.7154010695187166 0.07493537964458803 0.5638502673796791
8 0.5287479806138933 0.5347727272727273 0.02710823909531507 0.23066844919786092
8 0.40083198707592893 0.5095187165775401 0.017770597738287562 0.14770053475935832
8 0.39346122778675285 0.5093181818181819 0.014628432956381271 0.1414705882352941
8 0.5200525040387722 0.5011497326203209 0.015743134087237487 0.15807486631016043
8 0.5673344103392569 0.5354144385026738 0.02017770597738289 0.22264705882352936
8 0.5991922455573505 0.5030614973262032 0.020533117932148594 0.185
8 0.6160743134087238 0.4835561497326204 0.016268174474959603 0.16219251336898394
7 0.4688610662358643 0.48363636363636364 0.02943457189014535 0.07550802139037435
8 0.29085621970920844 0.5611363636363637 0.0475928917609047 0.2352139037433155
8 0.5870961227786753 0.5276737967914439 0.017423263327948343 0.18754010695187162
1 0.23611066235864298 0.6903743315508021 0.037794830371567015 0.3028877005347593