8 0.9177576489533011 0.6521866666666667 0.16287439613526566 0.6902933333333333
0 0.2926489533011272 0.5617733333333333 0.04801932367149762 0.2586933333333334
0 0.31471417069243157 0.5463866666666666 0.04041062801932371 0.20904000000000003
6 0.4251409017713365 0.48939999999999995 0.07076489533011275 0.17805333333333337
3 0.06016505636070853 0.6042533333333333 0.05308373590982287 0.1890933333333334
3 0.09551529790660225 0.5909733333333334 0.05853462157809983 0.1755466666666667
8 0.09327697262479871 0.58052 0.026167471819645734 0.23607999999999993
8 0.9257648953301129 0.6724 0.13418679549114337 0.6498666666666666
8 0.7815780998389694 0.75032 0.055394524959742314 0.3734933333333333
8 0.81591384863124 0.7437866666666666 0.048880837359098255 0.36954666666666663
3 0.21860305958132045 0.5618266666666667 0.03395330112721416 0.1339466666666667
0 0.5088204508856682 0.5188 0.034388083735909764 0.12570666666666672
8 0.7462721417069244 0.5191733333333334 0.01830917874396136 0.15514666666666668
7 0.3602334943639291 0.5070133333333333 0.06033816425120773 0.06869333333333331
1 0.6568679549114331 0.5237066666666667 0.031900161030595814 0.10288000000000003
1 0.7055152979066023 0.5140133333333333 0.018486312399355907 0.14456000000000002