7 0.09192028985507247 0.67736 0.18384057971014495 0.6399466666666667
7 0.835986312399356 0.7675333333333333 0.32641706924315617 0.4596
7 0.10300724637681159 0.6153466666666667 0.20601449275362319 0.4554933333333334
7 0.16151771336553944 0.6217733333333333 0.22970209339774558 0.3051466666666667
7 0.2053099838969404 0.5774666666666667 0.21936392914653788 0.26517333333333326
7 0.31246779388083734 0.5370266666666667 0.12590177133655395 0.15069333333333332
7 0.3499476650563607 0.5088133333333333 0.09537037037037036 0.14701333333333333
7 0.5661513687600644 0.5408933333333333 0.054685990338164216 0.13533333333333333
7 0.6666545893719806 0.6525066666666667 0.15303542673107887 0.3415466666666667
7 0.5405233494363929 0.5056533333333334 0.035539452495974226 0.10192
7 0.38165861513687604 0.50408 0.07898550724637683 0.09578666666666671
1 0.4476167471819646 0.4695466666666666 0.05958132045088567 0.061226666666666686
1 0.5050684380032207 0.47650666666666663 0.04364734299516902 0.06954666666666662