7 0.961791465378422 0.5530933333333332 0.07480676328502422 0.3582933333333333
7 0.9134460547504025 0.54616 0.17149758454106281 0.25925333333333334
7 0.8271376811594203 0.52832 0.1343880837359098 0.20368
7 0.8982286634460547 0.7474933333333333 0.20193236714975843 0.49968
7 0.7442592592592593 0.72476 0.22772946859903376 0.43944000000000005
7 0.1639694041867955 0.7404666666666667 0.327938808373591 0.5137333333333334
6 0.32151368760064414 0.55964 0.15389694041867955 0.3759733333333334
7 0.7731884057971015 0.5062666666666668 0.11077294685990333 0.16538666666666668
7 0.7036594202898551 0.48657333333333336 0.11664251207729469 0.16178666666666672
6 0.7000684380032206 0.47992 0.1405394524959742 0.15781333333333336
7 0.3828301127214171 0.5568000000000001 0.08169887278582932 0.2061866666666667
7 0.4105837359098229 0.51944 0.05917069243156205 0.14656000000000002
5 0.5246658615136875 0.4347733333333333 0.06978260869565223 0.21802666666666665