7 0.08351449275362319 0.7368 0.16702898550724637 0.45610666666666666
7 0.11636070853462159 0.6634266666666667 0.23272141706924318 0.34333333333333343
7 0.20866344605475043 0.6013866666666667 0.19122383252818037 0.24448000000000003
7 0.2437037037037037 0.5532533333333333 0.17679549114331727 0.25626666666666664
0 0.4214814814814815 0.5353066666666667 0.015797101449275364 0.11824000000000001
7 0.9546537842190015 0.7328133333333333 0.08908212560386482 0.52904
7 0.8967834138486313 0.7298266666666666 0.20482286634460548 0.45309333333333335
7 0.827391304347826 0.63852 0.23671497584541054 0.30258666666666667
7 0.7634219001610306 0.60104 0.1602415458937199 0.2434666666666667
7 0.7142431561996779 0.5871999999999999 0.1736876006441224 0.21333333333333335
7 0.6737278582930757 0.5710533333333333 0.151658615136876 0.16424
7 0.655865539452496 0.54572 0.12148953301127213 0.17501333333333333
7 0.3441062801932367 0.5366533333333333 0.10069243156199678 0.1094666666666667
7 0.3640901771336554 0.52668 0.08455716586151367 0.09821333333333329
7 0.5267310789049919 0.5202133333333334 0.03524959742351054 0.08650666666666666
7 0.5102777777777777 0.5007333333333333 0.020877616747182016 0.05890666666666668
6 0.4953462157809984 0.4739333333333333 0.01256038647342997 0.04930666666666669
1 0.4543196457326892 0.4792666666666667 0.05622383252818029 0.04733333333333333