0 0.6506699346405229 0.5874324324324324 0.049950980392156855 0.22556756756756752
0 0.39589460784313724 0.662 0.0689787581699346 0.3697297297297297
8 0.48619281045751633 0.5522837837837837 0.012254901960784314 0.10305405405405405
8 0.00818218954248366 0.5692702702702702 0.01636437908496732 0.17962162162162165
8 0.021691176470588235 0.5752972972972973 0.021241830065359475 0.1555675675675675
0 0.45385620915032676 0.5413648648648649 0.027859477124183026 0.1065135135135135
8 0.15583333333333335 0.5693918918918919 0.01715686274509804 0.16159459459459458
8 0.1415972222222222 0.5685540540540541 0.015792483660130707 0.1373783783783784
8 0.42468137254901955 0.538945945945946 0.01470588235294113 0.12000000000000001
8 0.4515972222222222 0.5543108108108108 0.011985294117647118 0.11948648648648644
1 0.6129616013071896 0.5334054054054055 0.017655228758169945 0.06118918918918923
1 0.5550245098039216 0.5250810810810811 0.027728758169934684 0.038972972972973016