7 0.05053945249597424 0.67452 0.10107890499194848 0.31245333333333325
7 0.27038244766505637 0.5601733333333333 0.07155394524959743 0.14909333333333333
7 0.4379951690821256 0.49834666666666666 0.02487922705314017 0.05424000000000001
7 0.30259661835748797 0.5356266666666667 0.06234299516908213 0.11658666666666666
7 0.33575684380032206 0.5294266666666667 0.04381642512077296 0.08509333333333333
7 0.356670692431562 0.5141466666666666 0.04641706924315618 0.07394666666666663
7 0.5373913043478261 0.49024 0.021433172302737523 0.05498666666666668
8 0.10777777777777779 0.6347733333333333 0.03703703703703705 0.2878933333333333
8 0.10698872785829307 0.6684933333333334 0.034573268921095 0.20013333333333327
1 0.826364734299517 0.4834533333333334 0.34404991948470204 0.21677333333333332
1 0.5964814814814814 0.45703999999999995 0.008421900161030534 0.03621333333333337
1 0.5218438003220612 0.47787999999999997 0.018486312399355907 0.05010666666666665