7 0.4785455278001612 0.5120877659574469 0.034609186140209545 0.10412234042553194
7 0.054899274778404505 0.657313829787234 0.10979854955680901 0.30148936170212765
7 0.1812973408541499 0.6718882978723404 0.2131668009669621 0.3556382978723404
6 0.2309468170829976 0.5475664893617022 0.1028928283642224 0.1996542553191489
2 0.342276390008058 0.5295345744680852 0.08426269137792103 0.26523936170212764
6 0.3736986301369863 0.5054787234042554 0.07500402900886381 0.22627659574468081
7 0.291651893634166 0.5417154255319149 0.05709911361804997 0.10651595744680854
7 0.4101813053988719 0.5045877659574468 0.03626913779210313 0.09678191489361698
7 0.42494762288477034 0.5072606382978723 0.024012892828364187 0.05898936170212768
6 0.43709911361805 0.47646276595744674 0.022723609991941927 0.08239361702127657
7 0.14550362610797743 0.5653324468085106 0.11350523771152297 0.15529255319148932