7 0.38850241545893716 0.5217066666666667 0.07140096618357489 0.08805333333333336
7 0.533244766505636 0.53336 0.03933977455716587 0.09210666666666664
7 0.33068840579710146 0.5436000000000001 0.11512882447665053 0.13658666666666666
7 0.2423711755233494 0.59696 0.17203703703703704 0.2046933333333334
7 0.7053301127214171 0.5835733333333334 0.1671014492753623 0.20112000000000005
7 0.18636070853462158 0.62028 0.2150080515297907 0.23879999999999996
7 0.12935185185185186 0.6315866666666667 0.2587037037037037 0.36669333333333337
7 0.10802737520128823 0.7242 0.21605475040257646 0.42834666666666665
7 0.06588566827697262 0.7649066666666667 0.13177133655394524 0.46485333333333334
7 0.9450080515297907 0.7432266666666666 0.10837359098228656 0.5082133333333334
1 0.4346175523349437 0.4917866666666667 0.05538647342995175 0.061226666666666686
1 0.5067391304347826 0.49593333333333334 0.030225442834138458 0.04733333333333333
1 0.4761272141706924 0.4806666666666667 0.009259259259259259 0.03344000000000005