7 0.9463153594771242 0.5644594594594594 0.10573529411764712 0.13832432432432434
7 0.8943382352941177 0.5631486486486487 0.10117647058823523 0.13175675675675674
7 0.8259191176470588 0.5618243243243243 0.09461601307189538 0.1419189189189189
7 0.5061151960784314 0.5077972972972973 0.027785947712418293 0.08197297297297301
0 0.9806985294117647 0.6682297297297297 0.036968954248366014 0.4871081081081082
8 0.1554697712418301 0.4680540540540541 0.009256535947712429 0.12848648648648647
8 0.10795751633986927 0.5078648648648649 0.028872549019607847 0.20648648648648651
8 0.07777369281045751 0.49962162162162166 0.029681372549019605 0.20886486486486486
1 0.17926062091503267 0.494527027027027 0.020171568627450977 0.0722972972972973
1 0.352234477124183 0.4917432432432432 0.0134558823529412 0.09451351351351352
1 0.4483823529411764 0.46952702702702703 0.012614379084967271 0.02786486486486487