7 0.7798188405797101 0.7430399999999999 0.3108776167471819 0.5085866666666666
7 0.29477858293075687 0.6620933333333333 0.128768115942029 0.25789333333333325
7 0.5840499194847021 0.5742266666666667 0.07425120772946862 0.18605333333333335
7 0.36929146537842195 0.5702933333333333 0.07004830917874397 0.16656
7 0.411280193236715 0.5332 0.03391304347826087 0.09237333333333338
0 0.46239130434782605 0.5019066666666667 0.007101449275362359 0.0576266666666667
0 0.4712962962962962 0.4990533333333333 0.006714975845410654 0.05437333333333337
7 0.43030595813204514 0.51892 0.024251207729468604 0.057946666666666716
7 0.514963768115942 0.496 0.015209339774557155 0.04144000000000005
7 0.5391304347826087 0.51892 0.036811594202898576 0.10098666666666668
1 0.4954227053140097 0.4917733333333333 0.005901771336553978 0.055653333333333346