5 0.02994766505636071 0.4816933333333333 0.05989533011272142 0.13479999999999995
7 0.4174677938808374 0.49606666666666666 0.06462962962962962 0.08434666666666665
8 0.6320370370370371 0.46968 0.010241545893719829 0.07738666666666662
7 0.5942069243156199 0.46026666666666666 0.03585346215780996 0.08746666666666669
7 0.6193921095008053 0.4678933333333333 0.03588566827697266 0.06725333333333333
7 0.6540378421900161 0.4656666666666667 0.044082125603864736 0.05970666666666663
6 0.7661916264090177 0.4551733333333333 0.04884057971014499 0.08309333333333332
7 0.7892512077294686 0.4553999999999999 0.03793880837359089 0.05741333333333334
7 0.8264734299516908 0.4531466666666667 0.04376811594202909 0.06272000000000003
1 0.1163244766505636 0.4820666666666667 0.08474235104669887 0.08066666666666666
1 0.3247423510466989 0.4751066666666666 0.02016103059581322 0.08898666666666667
1 0.7575885668276973 0.4431733333333333 0.48160225442834137 0.09733333333333333