7 0.05839774557165862 0.7884133333333333 0.11679549114331723 0.41784
7 0.36461755233494364 0.5561066666666667 0.04628824476650564 0.10522666666666669
7 0.5437681159420289 0.5132800000000001 0.03792270531400968 0.09695999999999996
7 0.3849838969404187 0.5403866666666666 0.03930756843800322 0.08456000000000002
7 0.40702495974235103 0.51912 0.03078099838969401 0.08346666666666662
7 0.0769122383252818 0.5916266666666667 0.07369565217391305 0.08847999999999995
7 0.1164331723027375 0.5834266666666666 0.06626409017713365 0.0857866666666667
7 0.15216183574879227 0.5745733333333334 0.07045893719806764 0.09282666666666667
7 0.19475040257648954 0.5778266666666667 0.06170692431561996 0.09271999999999996
1 0.45055152979066027 0.5042666666666666 0.05371175523349439 0.064
1 0.48619967793880836 0.47512000000000004 0.007584541062801991 0.03343999999999998
1 0.5155515297906603 0.489 0.042809983896940386 0.055653333333333346
1 0.6065499194847022 0.4487333333333334 0.036932367149758456 0.04178666666666671
1 0.6761594202898551 0.45012 0.02855072463768119 0.05010666666666665
1 0.823768115942029 0.40984 0.05035426731078911 0.09178666666666671
1 0.9282004830917875 0.41398666666666667 0.0646135265700483 0.08343999999999997