7 0.6646900161030597 0.5934266666666667 0.1593156199677939 0.22226666666666658
7 0.9077334943639291 0.7585599999999999 0.1829227053140097 0.4775466666666667
7 0.05615539452495975 0.7029466666666667 0.1123107890499195 0.3952800000000001
7 0.09992351046698873 0.63652 0.19984702093397747 0.3094666666666668
7 0.1951207729468599 0.5760666666666666 0.17908212560386474 0.20408
7 0.6253502415458937 0.5831333333333334 0.1321658615136876 0.18162666666666663
7 0.23595410628019325 0.5449466666666667 0.13161835748792272 0.17304000000000003
7 0.27520531400966186 0.5163333333333333 0.08184380032206118 0.12376000000000006
7 0.3806803542673107 0.5082133333333333 0.029830917874396144 0.06261333333333331
1 0.3578703703703704 0.49316 0.024355877616747183 0.04178666666666671
1 0.7893840579710145 0.5237333333333334 0.03358293075684383 0.05845333333333338