8 0.5645874183006536 0.4762567567567567 0.01515522875816999 0.15229729729729727
8 0.23850490196078433 0.5301216216216216 0.03238562091503267 0.32435135135135135
8 0.5590359477124183 0.5897297297297297 0.054362745098039185 0.4015675675675676
8 0.6172916666666667 0.5651351351351352 0.0472303921568628 0.417945945945946
8 0.5126633986928104 0.5270405405405405 0.030964052287581773 0.2962432432432433
8 0.48468545751633985 0.5338243243243243 0.032998366013071975 0.3016486486486486
8 0.5656699346405228 0.5207297297297298 0.049052287581699314 0.2719459459459459
8 0.5999918300653596 0.5137972972972973 0.02439542483660132 0.2560810810810811
8 0.985796568627451 0.6310945945945946 0.02677287581699345 0.21316216216216216
8 0.3957312091503268 0.532445945945946 0.027606209150326768 0.3017567567567568
8 0.40852941176470586 0.5271756756756757 0.019967320261437906 0.2517567567567568
8 0.4387540849673203 0.5117027027027027 0.026249999999999996 0.27962162162162163
8 0.4683088235294118 0.5300675675675676 0.015539215686274494 0.23224324324324327
8 0.45012663398692804 0.5111351351351352 0.0225735294117647 0.2468108108108108
8 0.3793954248366013 0.48897297297297304 0.018022875816993467 0.1956756756756757
8 0.43525735294117646 0.4861621621621621 0.015171568627450928 0.1788108108108108
6 0.10928104575163398 0.49864864864864866 0.21856209150326797 0.9972972972972973
1 0.3064746732026144 0.46395945945945943 0.08651143790849672 0.12786486486486487
1 0.8407148692810458 0.3931351351351351 0.3153022875816993 0.1250810810810811