7 0.5025120772946859 0.5492800000000001 0.057971014492753624 0.18144
7 0.8856602254428342 0.70056 0.22706924315619967 0.5935466666666667
6 0.6763607085346216 0.5367733333333334 0.16268921095008057 0.3123733333333334
7 0.6095008051529791 0.5219733333333334 0.10035426731078913 0.1504
7 0.5644887278582931 0.4868 0.0584138486312399 0.08090666666666668
7 0.5477334943639293 0.48290666666666665 0.03994363929146539 0.06122666666666661
7 0.167037037037037 0.5559066666666667 0.12478260869565216 0.1847733333333334
6 0.3036634460547504 0.48542666666666673 0.11180354267310785 0.28392
7 0.2502495974235105 0.53732 0.07568438003220612 0.1306933333333333
7 0.3022705314009662 0.5271333333333333 0.05223832528180354 0.08472000000000003
7 0.37021739130434783 0.496 0.03355877616747178 0.06
7 0.3850563607085346 0.48590666666666665 0.02487922705314008 0.0653066666666667
7 0.4083937198067633 0.48223999999999995 0.024500805152979116 0.047413333333333335
7 0.893647342995169 0.5298933333333333 0.10996779388083748 0.09285333333333332
7 0.1812399355877617 0.5330933333333333 0.0607085346215781 0.10751999999999998
1 0.43713365539452503 0.47512000000000004 0.020161030595813267 0.03343999999999998