7 0.6579710144927536 0.51032 0.14415458937198075 0.16885333333333333
7 0.9827616747181965 0.41868 0.03286634460547499 0.12498666666666668
7 0.87237922705314 0.42834666666666665 0.0873510466988728 0.08816
7 0.8500925925925926 0.43746666666666667 0.08401771336553947 0.08250666666666666
7 0.40301529790660223 0.5222266666666667 0.040829307568437986 0.1066933333333333
7 0.4619645732689211 0.4959733333333334 0.02847020933977457 0.07530666666666669
7 0.6525925925925926 0.4581066666666667 0.07692431561996776 0.09722666666666668
7 0.7323429951690821 0.43745333333333336 0.03816425120772945 0.07474666666666667
7 0.7627818035426731 0.43473333333333325 0.041392914653784287 0.06872000000000003
7 0.5410950080515298 0.48132 0.028341384863123938 0.0625333333333333
1 0.5084219001610306 0.48342666666666667 0.031900161030595814 0.055653333333333346
1 0.4337801932367151 0.50428 0.021843800322061187 0.08066666666666666