7 0.36704911433172305 0.61804 0.13147342995169078 0.3057866666666667
7 0.6974838969404188 0.6799333333333333 0.19873590982286637 0.47693333333333326
7 0.41549114331723025 0.5643466666666667 0.09545893719806768 0.19456
7 0.5667954911433173 0.5164 0.03991948470209343 0.104
7 0.6232608695652174 0.57884 0.09541062801932366 0.22552000000000005
8 0.3737479871175523 0.5254533333333333 0.015128824476650534 0.19458666666666666
8 0.3798228663446055 0.5218133333333334 0.008985507246376786 0.1630933333333333
7 0.47788244766505633 0.4902133333333334 0.024621578099839003 0.07466666666666667
7 0.5531521739130436 0.4894666666666667 0.02807568438003221 0.07674666666666667
8 0.3868840579710145 0.5276666666666666 0.01117552334943639 0.1654666666666667
1 0.5319001610305958 0.47372000000000003 0.020161030595813176 0.04733333333333333