8 0.7511066235864298 0.5979411764705882 0.049273021001615507 0.4466844919786097
8 0.4852948303715671 0.5817379679144384 0.04307754442649438 0.303957219251337
8 0.20071082390953152 0.6146390374331551 0.03849757673667205 0.3504010695187165
8 0.3718416801292407 0.5880748663101604 0.03877221324717286 0.31203208556149736
8 0.6450121163166398 0.5637700534759359 0.039313408723747945 0.36368983957219253
0 0.41289983844911143 0.5735294117647058 0.03126009693053311 0.24326203208556155
3 0.35421647819063 0.6057754010695188 0.038384491114701116 0.19171122994652412
8 0.4587924071082391 0.5202673796791444 0.016421647819062947 0.1481283422459893
8 0.43996365105008073 0.5141042780748664 0.010767366720516995 0.14034759358288773
1 0.2856219709208401 0.6154010695187165 0.08982229402261711 0.2084491978609625
1 0.5294022617124394 0.49454545454545457 0.03192245557350564 0.14454545454545456