7 0.1793478260869565 0.6810133333333334 0.16847020933977455 0.2949866666666667
7 0.6118438003220612 0.5763333333333334 0.09702093397745572 0.2201333333333333
7 0.2873027375201288 0.6047066666666666 0.09945249597423508 0.18071999999999996
7 0.3553582930756844 0.5488266666666667 0.05952495974235105 0.14314666666666667
7 0.38082125603864736 0.5377466666666667 0.04444444444444443 0.10397333333333336
7 0.5213446054750402 0.49348000000000003 0.016731078904991925 0.04813333333333336
1 0.44845813204508855 0.49871999999999994 0.05287439613526576 0.0584533333333333
1 0.4870289855072464 0.47928000000000004 0.010933977455716528 0.03621333333333337
1 0.4123913043478261 0.514 0.0209983896940419 0.055679999999999986
1 0.5713244766505636 0.47510666666666673 0.0671256038647343 0.05010666666666665
1 0.683707729468599 0.45844000000000007 0.08223027375201288 0.08343999999999997