7 0.49531803542673103 0.5278666666666666 0.036304347826086984 0.11375999999999999
7 0.8874154589371981 0.7421733333333334 0.2235587761674718 0.51032
7 0.7755958132045089 0.6619733333333333 0.22663446054750405 0.4552533333333334
7 0.70506038647343 0.6073066666666667 0.15168276972624797 0.2698133333333333
7 0.6562157809983897 0.569 0.13626409017713367 0.19378666666666672
7 0.41450080515297905 0.50592 0.023107890499194837 0.04965333333333335
7 0.32657407407407407 0.5628266666666667 0.06437198067632849 0.12917333333333333
7 0.5880877616747182 0.52304 0.0855636070853462 0.11594666666666664
7 0.5620692431561997 0.5104 0.06605475040257645 0.08570666666666663
6 0.5412077294685991 0.48708 0.05159420289855076 0.07885333333333332
7 0.3703421900161031 0.5020133333333333 0.02910628019323674 0.06264000000000003
7 0.3844484702093398 0.4987466666666666 0.023856682769726245 0.05408
7 0.3478019323671498 0.49934666666666666 0.01869565217391302 0.046960000000000036
1 0.4354508856682769 0.4876 0.011771336553945253 0.03621333333333329