6 0.186670692431562 0.5215333333333333 0.373341384863124 0.9516000000000001
7 0.9162681159420291 0.7698533333333333 0.16585346215781 0.45496000000000003
7 0.693683574879227 0.6058933333333333 0.2574798711755234 0.34165333333333325
6 0.3925523349436393 0.5635866666666667 0.10872785829307574 0.29917333333333335
7 0.09015297906602254 0.7691466666666666 0.18030595813204509 0.4563733333333333
8 0.850889694041868 0.52284 0.023083735909822926 0.20792
8 0.600623993558776 0.5143866666666667 0.013953301127214204 0.13117333333333334
7 0.5486392914653785 0.5372666666666668 0.04120772946859899 0.11592
7 0.5339653784219002 0.5225466666666666 0.03654589371980675 0.10914666666666661
8 0.4816062801932367 0.49210666666666675 0.007785829307568405 0.06127999999999997
8 0.4858132045088567 0.49528 0.0067149758454105625 0.05967999999999999
7 0.44914653784219005 0.49570666666666663 0.015265700483091817 0.05295999999999996