7 0.915462962962963 0.7094933333333333 0.16746376811594205 0.47647999999999996
7 0.7543276972624798 0.5816 0.23055555555555549 0.4437866666666667
2 0.6201167471819645 0.6720666666666666 0.2674798711755233 0.2272266666666667
7 0.5589613526570049 0.5808 0.17533011272141708 0.22373333333333334
7 0.4733132045088567 0.571 0.11392109500805153 0.15687999999999996
2 0.49219001610305957 0.5843866666666666 0.10471819645732694 0.1681333333333333
2 0.575756843800322 0.49326666666666663 0.048019323671497575 0.12978666666666672
7 0.23986312399355875 0.5791466666666667 0.07220611916264091 0.12282666666666667
7 0.14435990338164253 0.5908266666666667 0.050652173913043476 0.13050666666666666
5 0.1309621578099839 0.5188133333333333 0.06395330112721417 0.22984
1 0.06139291465378422 0.53484 0.10739130434782608 0.07512000000000005