7 0.406421568627451 0.5305405405405406 0.057336601307189504 0.13459459459459455
0 0.6627573529411764 0.46854054054054056 0.04093954248366014 0.12470270270270274
0 0.6084967320261437 0.48071621621621624 0.035964052287581684 0.11462162162162161
8 0.4280269607843137 0.49148648648648646 0.012916666666666621 0.11637837837837839
0 0.5189991830065359 0.4728108108108108 0.027426470588235243 0.08464864864864863
8 0.3544035947712418 0.49987837837837834 0.01697712418300656 0.12537837837837842
0 0.27867238562091506 0.532391891891892 0.041674836601307226 0.13354054054054054
8 0.34043709150326795 0.5067162162162162 0.013815359477124157 0.11910810810810817
7 0.845343137254902 0.43554054054054053 0.08001633986928108 0.07956756756756757
1 0.7733374183006536 0.4681351351351351 0.0629983660130719 0.07508108108108108
1 0.9893382352941177 0.42925675675675673 0.01805555555555548 0.06397297297297294
1 0.9173570261437909 0.43758108108108107 0.05040032679738567 0.05840540540540544
1 0.2443382352941177 0.5264594594594595 0.012614379084967318 0.0972972972972973