7 0.702475845410628 0.6756266666666667 0.160829307568438 0.3138133333333333
7 0.6331078904991948 0.6021733333333333 0.08698872785829313 0.20413333333333328
7 0.4031561996779388 0.5681066666666668 0.05568438003220609 0.1266133333333333
7 0.9083615136876007 0.5640533333333333 0.18166666666666667 0.20063999999999996
7 0.42409017713365543 0.5525333333333333 0.04552334943639293 0.10725333333333333
7 0.9687359098228664 0.5856133333333334 0.06091787439613533 0.24066666666666675
7 0.5709702093397745 0.5191333333333333 0.024516908212560425 0.08018666666666673
7 0.22516908212560383 0.5506666666666666 0.09326892109500803 0.09834666666666665
1 0.4564170692431562 0.5376 0.020161030595813176 0.064
1 0.5079991948470209 0.5139866666666667 0.04448470209339775 0.05010666666666665
1 0.3058735909822866 0.5237066666666667 0.05622383252818034 0.0695466666666667
1 0.5369323671497583 0.4904 0.011771336553945253 0.030666666666666665