7 0.48942028985507247 0.50236 0.018904991948470225 0.0595466666666667
7 0.6444404186795492 0.6575466666666667 0.13165056360708535 0.30549333333333334
7 0.5998027375201288 0.5839866666666667 0.0869806763285024 0.2066933333333333
7 0.45972222222222225 0.5033333333333333 0.017705314009661844 0.049120000000000046
7 0.5592028985507246 0.5375733333333332 0.04386473429951692 0.11792
7 0.544657809983897 0.5229333333333334 0.03981481481481485 0.11018666666666665
7 0.32925120772946853 0.5187333333333334 0.04243156199677938 0.0496266666666667
8 0.5748268921095008 0.4998 0.011537842190016136 0.10840000000000001
1 0.3788405797101449 0.5112133333333333 0.03777777777777779 0.04456000000000002
1 0.4362882447665056 0.4959466666666667 0.021835748792270536 0.03621333333333337
1 0.5176489533011273 0.5042666666666666 0.0285507246376811 0.064