7 0.9874516908212561 0.63184 0.023486312399355936 0.7309866666666667
7 0.26872785829307566 0.6449600000000001 0.13735909822866343 0.29141333333333336
7 0.18118357487922707 0.7429733333333334 0.36236714975845413 0.5087200000000001
7 0.7859017713365539 0.45541333333333334 0.15434782608695655 0.1834666666666667
7 0.8764291465378423 0.44167999999999996 0.07691626409017711 0.12106666666666668
6 0.975354267310789 0.4168933333333333 0.04768115942028988 0.13821333333333335
7 0.9188244766505637 0.4420266666666666 0.08732689210950083 0.10997333333333335
7 0.3783574879227053 0.55716 0.056521739130434775 0.12258666666666666
7 0.3413003220611916 0.59132 0.0860789049919485 0.18381333333333327
7 0.5701851851851851 0.5181866666666667 0.0445088566827697 0.10175999999999999
7 0.4009822866344605 0.5423466666666666 0.04146537842190016 0.10357333333333334
7 0.5094806763285024 0.52216 0.028832528180354224 0.07664000000000003
7 0.5802737520128824 0.5057466666666667 0.07415458937198069 0.0863733333333333
7 0.49890901771336554 0.4852266666666667 0.03348631239935591 0.04218666666666665
1 0.4325201288244767 0.52372 0.027713365539452462 0.07511999999999996