7 0.5696980676328502 0.5551999999999999 0.07015297906602254 0.18362666666666663
7 0.24256038647342995 0.5879466666666666 0.1607085346215781 0.20282666666666668
7 0.27611111111111114 0.5774133333333333 0.16721417069243155 0.17919999999999997
7 0.3065177133655395 0.5719866666666666 0.12636876006441222 0.15202666666666664
7 0.35241545893719806 0.5296000000000001 0.10576489533011273 0.14490666666666668
7 0.3405394524959743 0.5450266666666667 0.08652173913043476 0.13421333333333338
7 0.540426731078905 0.5347866666666667 0.037037037037037035 0.10077333333333331
8 0.03142109500805153 0.5588133333333334 0.025499194847020932 0.2348533333333333
2 0.18410628019323672 0.7181866666666666 0.13755233494363928 0.25525333333333333
2 0.08556360708534622 0.7884666666666666 0.15019323671497584 0.41773333333333335
2 0.22617149758454105 0.6516666666666666 0.11707729468599036 0.23703999999999997
2 0.2601207729468599 0.6405599999999999 0.09125603864734302 0.20325333333333334
2 0.037979066022544285 0.7547066666666666 0.07595813204508857 0.42989333333333335
2 0.7993075684380032 0.8131733333333333 0.25595813204508866 0.36832000000000004
1 0.4371336553945249 0.50428 0.07887278582930755 0.08066666666666666
1 0.5067431561996779 0.5042800000000001 0.05371175523349439 0.07511999999999996