7 0.08951288244766506 0.7989733333333333 0.17902576489533012 0.39672
7 0.8632246376811594 0.63044 0.2719404186795491 0.44861333333333325
7 0.2541143317230274 0.6982266666666667 0.1982447665056361 0.3973599999999999
7 0.37010064412238325 0.6047600000000001 0.08690016103059582 0.20333333333333342
7 0.4046376811594203 0.5623333333333334 0.06489533011272143 0.15128000000000005
7 0.5760587761674718 0.5493333333333333 0.05508051529790658 0.1669333333333334
7 0.8024235104669887 0.5501733333333333 0.23307568438003212 0.24354666666666663
7 0.4257850241545894 0.5252266666666667 0.039009661835748735 0.11349333333333333
7 0.432536231884058 0.5138 0.045555555555555544 0.08557333333333335
7 0.3003301127214171 0.49681333333333333 0.05019323671497587 0.05656000000000002
7 0.5923309178743961 0.5333066666666667 0.059863123993558795 0.12735999999999997
7 0.6263123993558776 0.5113066666666667 0.06214170692431567 0.11616
1 0.6719685990338164 0.45150666666666667 0.025193236714975815 0.04178666666666671