7 0.07157004830917875 0.7304666666666667 0.1431400966183575 0.5337333333333334
7 0.8303864734299518 0.49892 0.13697262479871186 0.22776000000000007
7 0.8927979066022544 0.51328 0.11915458937198069 0.15584
7 0.15644122383252818 0.6381866666666667 0.2599516908212561 0.2826666666666667
7 0.21204106280193238 0.5901733333333333 0.1768196457326892 0.22584000000000007
7 0.25640901771336555 0.5540133333333334 0.18838969404186795 0.22338666666666662
7 0.3364371980676329 0.5262266666666666 0.11646537842190019 0.1553866666666667
7 0.34826489533011273 0.526 0.10939613526570048 0.11754666666666662
7 0.5698550724637681 0.5000533333333333 0.06972624798711748 0.08266666666666667
1 0.4270652173913043 0.4806666666666667 0.06210144927536231 0.06677333333333339
1 0.7491264090177133 0.45983999999999997 0.03358293075684383 0.05845333333333338
1 0.7105475040257649 0.4570666666666667 0.02855072463768119 0.05845333333333338
1 0.5042270531400966 0.4709333333333333 0.008421900161030626 0.06954666666666662