7 0.11413848631239935 0.7722800000000001 0.2282769726247987 0.45010666666666665
7 0.8810265700483093 0.7463466666666666 0.23633655394524958 0.5019733333333334
6 0.23013687600644125 0.6496933333333333 0.23595813204508856 0.5774133333333332
7 0.7418679549114332 0.7293733333333333 0.25673107890499186 0.4748533333333334
7 0.6400201288244767 0.5940933333333334 0.07931561996779388 0.2204
6 0.12165056360708534 0.5065599999999999 0.2433011272141707 0.31376
7 0.6493599033816425 0.5314533333333333 0.07896135265700478 0.1910133333333334
6 0.5041304347826087 0.4849466666666667 0.02956521739130437 0.10311999999999996
6 0.7123993558776167 0.4654666666666667 0.1283896940418679 0.16026666666666664
7 0.4015619967793881 0.51332 0.03354267310789052 0.07730666666666669
7 0.35526972624798714 0.49648000000000003 0.042310789049919445 0.10565333333333335
1 0.4593558776167472 0.4820533333333333 0.02099838969404181 0.0584533333333333
1 0.548256843800322 0.4501066666666667 0.022681159420289823 0.06677333333333331
1 0.5973188405797102 0.4876 0.030225442834138458 0.064