7 0.05740338164251208 0.7854933333333334 0.11480676328502416 0.42368
7 0.6916505636070853 0.64996 0.18310789049919482 0.3751733333333333
7 0.1876207729468599 0.67152 0.17731884057971015 0.2844266666666666
7 0.31719806763285024 0.57152 0.08310789049919483 0.18565333333333334
7 0.4525925925925925 0.5023466666666666 0.025265700483091784 0.05808
7 0.3565378421900161 0.5381466666666667 0.05695652173913044 0.12642666666666666
7 0.39492753623188404 0.52468 0.03624798711755232 0.07864000000000003
7 0.5234983896940418 0.49029333333333336 0.018526570048309262 0.05274666666666667
7 0.5888003220611916 0.47557333333333335 0.055346215780998395 0.05733333333333333
1 0.42455314009661843 0.5098266666666667 0.015128824476650626 0.052879999999999955
1 0.48452093397745577 0.46956000000000003 0.01261674718196454 0.039013333333333323
1 0.5059057971014493 0.4723333333333333 0.013454106280193267 0.039013333333333323
1 0.7264855072463768 0.4626133333333334 0.21641706924315626 0.0695466666666667
1 0.567548309178744 0.4626 0.04448470209339775 0.052879999999999955