7 0.49618357487922704 0.5269066666666666 0.03433172302737519 0.10757333333333334
7 0.09295088566827697 0.6058133333333333 0.17351851851851852 0.2267733333333333
7 0.7163164251207729 0.6007866666666667 0.1561111111111111 0.2953333333333334
7 0.6755193236714976 0.5688533333333333 0.1380756843800322 0.21632
7 0.6203059581320451 0.5580799999999999 0.11054750402576495 0.16474666666666668
7 0.5983091787439613 0.5332399999999999 0.09412238325281802 0.1524
7 0.5912520128824477 0.5274266666666667 0.08654589371980677 0.12066666666666667
7 0.5773027375201288 0.5187866666666667 0.07698872785829308 0.11437333333333337
7 0.4351690821256039 0.5011733333333334 0.016553945249597378 0.041066666666666606
7 0.5386996779388085 0.4933733333333333 0.04197262479871175 0.05208
6 0.5299677938808374 0.4848533333333333 0.036956521739130416 0.05477333333333331
7 0.4073752012882448 0.49532000000000004 0.0189855072463768 0.044879999999999955
1 0.4585144927536231 0.48344000000000004 0.01596618357487926 0.027893333333333353
1 0.3847141706924316 0.4890133333333333 0.01261674718196454 0.027893333333333353