7 0.3626593137254902 0.5821216216216216 0.10002450980392158 0.21856756756756757
0 0.8298406862745097 0.4676216216216216 0.06995915032679738 0.18843243243243243
0 0.759656862745098 0.46443243243243243 0.05254901960784318 0.15621621621621626
8 0.45524918300653594 0.5149324324324324 0.020171568627451026 0.1602432432432432
0 0.6145016339869281 0.4785945945945945 0.033431372549019574 0.1020540540540541
8 0.3384232026143791 0.5235 0.017450980392156874 0.17867567567567572
0 0.6928880718954249 0.4725 0.022083333333333312 0.11213513513513508
8 0.1945016339869281 0.5482162162162162 0.01815359477124183 0.13805405405405402
8 0.18903186274509803 0.5527027027027027 0.019746732026143805 0.1331351351351351
0 0.26513480392156863 0.5466081081081081 0.0604983660130719 0.1766756756756757
8 0.2585906862745098 0.5412432432432432 0.018570261437908513 0.13702702702702707
8 0.2429248366013072 0.5525405405405406 0.029983660130718945 0.16859459459459458
8 0.3260049019607843 0.5202027027027026 0.01911764705882356 0.17029729729729728
7 0.9465645424836602 0.43782432432432433 0.10523692810457512 0.10164864864864868
7 0.8565196078431373 0.46443243243243243 0.0944117647058824 0.0847567567567568
1 0.5201715686274511 0.4597972972972973 0.025212418300653607 0.036189189189189154