7 0.48376006441223834 0.5300933333333334 0.041658615136876014 0.10792
7 0.21731078904991946 0.61316 0.14489533011272143 0.23266666666666666
7 0.37855072463768114 0.62448 0.10164251207729465 0.2353066666666667
7 0.4126650563607085 0.5700533333333334 0.06927536231884054 0.17365333333333335
7 0.3347302737520129 0.5303066666666667 0.09991143317230272 0.13842666666666667
7 0.8424919484702094 0.7774533333333333 0.3134057971014493 0.43976
5 0.6528341384863123 0.44894666666666666 0.19190016103059584 0.6238666666666667
8 0.7810346215780999 0.6386133333333333 0.061731078904991916 0.41152
7 0.5421779388083736 0.5268 0.04176328502415459 0.10832000000000001
7 0.525354267310789 0.5155466666666666 0.03009661835748792 0.07711999999999997
5 0.5179347826086956 0.4554 0.03580515297906604 0.1555466666666666
7 0.22807165861513687 0.5181733333333334 0.060346215780998406 0.08781333333333335
7 0.4726328502415459 0.5135866666666666 0.027262479871175534 0.08242666666666673
7 0.05056360708534621 0.54576 0.10112721417069243 0.15952
1 0.4312600644122383 0.46538666666666667 0.03358293075684383 0.064