6 0.7793880837359098 0.49866666666666665 0.004750402576489606 0.9973333333333333
7 0.7324557165861514 0.70052 0.2475040257648954 0.5914933333333334
7 0.6226409017713365 0.6140533333333333 0.11349436392914647 0.2618666666666667
7 0.5472785829307568 0.56548 0.06165861513687604 0.14072000000000004
2 0.09051127214170691 0.6404933333333334 0.051618357487922706 0.1755466666666667
0 0.3837399355877617 0.54832 0.015628019323671517 0.12405333333333328
7 0.34857487922705316 0.57908 0.04742351046698871 0.12093333333333339
7 0.509621578099839 0.53532 0.04980676328502417 0.12125333333333332
7 0.46934380032206113 0.53904 0.033083735909822894 0.07573333333333335
0 0.40142512077294684 0.5495866666666667 0.013655394524959771 0.11277333333333339
1 0.43880434782608696 0.52512 0.0352576489533011 0.06677333333333331
1 0.4140700483091787 0.5181733333333334 0.0142914653784219 0.04733333333333333