7 0.13667471819645732 0.7824 0.27334943639291465 0.4298666666666666
7 0.028365539452495973 0.7931733333333333 0.05673107890499195 0.40832
7 0.549110305958132 0.5375599999999999 0.044919484702093365 0.11874666666666667
7 0.3007206119162641 0.6532133333333333 0.12984702093397743 0.26983999999999997
7 0.7253462157809983 0.5173866666666667 0.15326892109500798 0.1506133333333333
7 0.6952214170692431 0.4943733333333333 0.12454911433172298 0.168
2 0.3520169082125604 0.56776 0.04037842190016101 0.07216
7 0.36956119162640905 0.5434 0.04475845410628022 0.10866666666666666
7 0.3095088566827697 0.589 0.0765217391304348 0.1539466666666667
7 0.6473027375201289 0.4952533333333334 0.0944122383252818 0.11274666666666668
7 0.4002375201288245 0.5288533333333333 0.030636070853462167 0.07375999999999999
6 0.9294041867954913 0.43287999999999993 0.12743961352657002 0.14197333333333328
1 0.43838969404186795 0.5015066666666667 0.04112721417069237 0.04733333333333333
1 0.48367954911433175 0.48344000000000004 0.009259259259259259 0.027893333333333353
1 0.5092552334943639 0.49593333333333334 0.026867954911433175 0.052879999999999955
1 0.5797101449275363 0.47094666666666674 0.03861513687600647 0.05288000000000003
1 0.8187399355877617 0.45149333333333336 0.08725442834138478 0.09733333333333333