7 0.4768130539887188 0.5138962765957448 0.01875100725221594 0.04981382978723402
7 0.1113859790491539 0.7516622340425532 0.2227719580983078 0.4913563829787234
6 0.03903706688154714 0.6187632978723403 0.07807413376309429 0.3457180851063829
7 0.5976913779210314 0.6244946808510639 0.12100725221595493 0.2803723404255319
7 0.2879492344883159 0.6034840425531915 0.09825141015310235 0.19324468085106383
6 0.19439161966156326 0.5559574468085107 0.11906526994359387 0.20696808510638295
7 0.3424939564867043 0.5671276595744681 0.06073327961321515 0.13361702127659578
7 0.4526752618855761 0.5368218085106383 0.036535052377115254 0.11045212765957448
7 0.28428686543110393 0.5430851063829787 0.057759871071716366 0.10430851063829787
7 0.3856526994359388 0.5256914893617021 0.026583400483481026 0.06925531914893622
6 0.3140975020145044 0.5138962765957447 0.043537469782433544 0.10321808510638299
7 0.39395648670427075 0.5141356382978723 0.02196615632554391 0.05619680851063828
6 0.405535858178888 0.49351063829787234 0.017663174858984703 0.07664893617021275
2 0.44091055600322315 0.49018617021276595 0.02456083803384369 0.0961170212765957