7 0.34435185185185185 0.6517600000000001 0.15165056360708537 0.34368000000000004
7 0.7155273752012882 0.7207199999999999 0.23719001610305962 0.5532266666666666
7 0.4012278582930757 0.5909200000000001 0.09970209339774556 0.21208
7 0.5610547504025765 0.5323066666666667 0.041545893719806784 0.10743999999999998
7 0.6247383252818035 0.6105466666666666 0.10525764895330114 0.24695999999999996
8 0.35803945249597424 0.5502933333333334 0.015370370370370395 0.20421333333333336
8 0.3685185185185186 0.5398000000000001 0.007697262479871177 0.16989333333333337
7 0.4714090177133655 0.5018133333333333 0.02524959742351048 0.0765333333333333
7 0.5452133655394524 0.5093066666666667 0.028703703703703686 0.07856000000000002
8 0.37289452495974235 0.5434533333333333 0.011312399355877627 0.17293333333333333
1 0.5215016103059581 0.49344 0.022681159420289823 0.044