7 0.06638083735909822 0.7407466666666666 0.13276167471819644 0.5131733333333334
7 0.09728260869565218 0.6989866666666666 0.19456521739130436 0.4638399999999999
7 0.14028985507246378 0.63216 0.28057971014492755 0.3507733333333333
7 0.17578904991948469 0.59284 0.1903381642512077 0.26152000000000003
7 0.24467793880837357 0.5986666666666667 0.1715942028985507 0.2130666666666666
7 0.26485104669887277 0.5578000000000001 0.16522544283413848 0.1844533333333333
7 0.3142431561996779 0.5293866666666667 0.1148631239935588 0.15408
7 0.3296417069243156 0.5120666666666666 0.11498389694041868 0.17272000000000004
0 0.4465861513687601 0.5069333333333333 0.010354267310789061 0.08303999999999996
7 0.7252495974235105 0.7452533333333334 0.2126409017713365 0.45872
7 0.7852294685990339 0.5979466666666666 0.21778582930756846 0.2729066666666666
7 0.7300563607085346 0.5831066666666667 0.15645732689210945 0.21127999999999988
7 0.6874718196457327 0.5641066666666668 0.12400966183574878 0.16805333333333336
7 0.6444726247987117 0.5424666666666667 0.11184380032206116 0.1395466666666667
7 0.624074074074074 0.5341333333333333 0.10438003220611915 0.11349333333333333
7 0.6171376811594202 0.51752 0.086658615136876 0.12656000000000003
7 0.3813687600644122 0.5038266666666666 0.07692431561996776 0.08466666666666667
7 0.39591384863123996 0.5082933333333334 0.06632045088566824 0.07792
7 0.5255877616747182 0.5084133333333334 0.028019323671497547 0.06957333333333326
6 0.5009098228663446 0.46581333333333336 0.011932367149758403 0.04549333333333334
1 0.4694243156199678 0.4667733333333334 0.034420289855072464 0.027893333333333353