7 0.482427536231884 0.5453466666666666 0.04609500805152979 0.12178666666666671
7 0.07027375201288245 0.7623866666666667 0.1405475040257649 0.46989333333333333
7 0.2549476650563607 0.6278666666666667 0.1685587761674718 0.2817066666666666
7 0.3771658615136876 0.5234266666666667 0.08747181964573268 0.11912000000000005
2 0.3402697262479871 0.5708533333333333 0.04828502415458939 0.1325333333333333
7 0.6292270531400966 0.6051333333333334 0.1009017713365539 0.21117333333333324
6 0.5460064412238326 0.4949866666666667 0.04415458937198061 0.14005333333333328
7 0.07394927536231884 0.6341466666666666 0.14789855072463767 0.25458666666666674
7 0.4944202898550724 0.5282800000000001 0.03136876006441218 0.09479999999999995
7 0.024456521739130436 0.5674133333333333 0.04891304347826087 0.15333333333333332
1 0.424549114331723 0.50568 0.060418679549114306 0.09456000000000002