7 0.8341183574879226 0.7417599999999999 0.33015297906602253 0.5111466666666666
7 0.649669887278583 0.6082000000000001 0.11383252818035426 0.27613333333333334
7 0.2667270531400966 0.62632 0.1089130434782609 0.2185600000000001
7 0.39618760064412234 0.5356266666666667 0.0314412238325281 0.07615999999999994
7 0.5314895330112721 0.5016133333333334 0.027922705314009713 0.07304000000000004
7 0.409158615136876 0.5267600000000001 0.02807568438003221 0.06391999999999999
7 0.2257326892109501 0.5548533333333333 0.048067632850241536 0.07093333333333332
7 0.25988727858293076 0.5565466666666666 0.042190016103059606 0.07079999999999996
1 0.46732689210950085 0.5001066666666667 0.09061191626409024 0.061226666666666686
1 0.5528743961352658 0.45844000000000007 0.02687600644122383 0.04456000000000002
1 0.6530998389694042 0.45150666666666667 0.039452495974235106 0.04733333333333333