7 0.21896940418679547 0.5814666666666667 0.07206119162640899 0.13504000000000005
7 0.42425120772946867 0.5005999999999999 0.027648953301127238 0.08002666666666665
6 0.372572463768116 0.4814666666666667 0.037560386473429935 0.09610666666666665
7 0.3465096618357488 0.5335333333333333 0.04322866344605475 0.09288000000000003
7 0.28948872785829305 0.54836 0.05179549114331722 0.09543999999999998
0 0.27948470209339776 0.54532 0.02845410628019326 0.15186666666666665
8 0.38162238325281805 0.5067600000000001 0.00632045088566825 0.060400000000000016
7 0.9091988727858292 0.5284666666666668 0.1799919484702093 0.26141333333333333
7 0.26238727858293076 0.5107866666666667 0.04962157809983896 0.050799999999999956
1 0.4471980676328503 0.49316 0.018486312399355817 0.04733333333333333
1 0.7919001610305958 0.4570533333333333 0.040289855072463736 0.04178666666666663