7 0.03577697262479872 0.7369600000000001 0.07155394524959743 0.5207466666666667
7 0.8568397745571658 0.5228133333333334 0.15347020933977457 0.246
7 0.9235748792270531 0.53804 0.1324154589371981 0.16759999999999997
7 0.1323550724637681 0.6714533333333333 0.2647101449275362 0.32264000000000004
7 0.18511674718196458 0.6245733333333333 0.19768921095008052 0.25224
7 0.23870772946859906 0.57556 0.20599838969404183 0.24301333333333325
7 0.3277173913043478 0.5408799999999999 0.12417874396135263 0.1650666666666667
7 0.3402777777777778 0.54704 0.11580515297906606 0.12442666666666666
7 0.27699275362318837 0.5613066666666667 0.15205314009661836 0.17173333333333335
7 0.5728623188405797 0.5011733333333334 0.07239130434782615 0.08570666666666663
1 0.42496779388083733 0.50428 0.0696457326892109 0.08066666666666666
1 0.5042270531400966 0.4820666666666667 0.008421900161030626 0.04733333333333333
1 0.7600322061191627 0.48344 0.040289855072463736 0.07232000000000001