8 0.8785185185185185 0.5807199999999999 0.06038647342995169 0.5639466666666666
8 0.9395128824476651 0.5804266666666666 0.06789855072463762 0.5767466666666667
7 0.9863123993558777 0.78464 0.02576489533011272 0.4253866666666667
7 0.038063607085346216 0.6116666666666667 0.07612721417069243 0.10973333333333327
7 0.7178301127214171 0.5024000000000001 0.08938003220611916 0.10848000000000002
5 0.6550201288244767 0.40180000000000005 0.1621819645732689 0.2206133333333333
7 0.8373148148148147 0.4904266666666667 0.12884863123993565 0.12485333333333332
7 0.2561312399355878 0.5446666666666666 0.05493558776167473 0.09045333333333337
6 0.19483494363929146 0.56464 0.12747987117552334 0.15717333333333333
1 0.09200483091787441 0.5667866666666667 0.0495169082125604 0.08343999999999997
1 0.29539452495974233 0.52512 0.05874396135265703 0.06677333333333331