7 0.21636473429951691 0.56372 0.10979871175523352 0.12413333333333329
6 0.22710144927536233 0.5184933333333334 0.10152979066022547 0.13149333333333335
8 0.7513244766505636 0.5595066666666667 0.028655394524959767 0.25789333333333336
7 0.3804549114331723 0.5240133333333333 0.06672302737520133 0.09426666666666665
7 0.4124235104669887 0.5083599999999999 0.04363929146537846 0.06642666666666666
7 0.49134057971014494 0.4962 0.028542673107890534 0.05714666666666661
7 0.48047906602254425 0.5110666666666667 0.04334138486312394 0.07034666666666665
7 0.6042149758454106 0.49171999999999993 0.02041062801932369 0.04141333333333334
1 0.8519444444444445 0.4584533333333334 0.292890499194847 0.06677333333333331
1 0.5373550724637681 0.4904 0.034420289855072464 0.064
1 0.6287721417069243 0.4862133333333333 0.026030595813204542 0.061226666666666686