7 0.37452093397745573 0.5779066666666667 0.07636876006441226 0.15469333333333332
7 0.07378019323671497 0.7667066666666666 0.14756038647342995 0.46125333333333335
7 0.26716183574879226 0.6063066666666667 0.09834943639291463 0.178
7 0.5212962962962964 0.5136000000000001 0.027842190016103094 0.07941333333333334
7 0.6269122383252818 0.4888533333333333 0.08941223832528176 0.09141333333333333
7 0.616147342995169 0.4760533333333333 0.07654589371980672 0.10720000000000005
6 0.7861996779388084 0.43633333333333335 0.0821578099838969 0.0977866666666667
1 0.7168357487922705 0.44872 0.06797101449275358 0.064
1 0.5713244766505636 0.47787999999999997 0.07719001610305959 0.07789333333333336
1 0.42958132045088565 0.5084533333333334 0.040289855072463736 0.061226666666666686
1 0.47109903381642515 0.4848266666666667 0.012616747181964632 0.030666666666666665
1 0.49667874396135264 0.4876133333333334 0.023518518518518546 0.04178666666666663