7 0.05123590982286634 0.7343866666666666 0.10247181964573268 0.5258933333333333
7 0.10215780998389694 0.6227733333333334 0.20431561996779388 0.48608
0 0.3700805152979066 0.5829333333333333 0.03144927536231884 0.2031466666666667
7 0.9614492753623187 0.75352 0.07549114331723027 0.4876266666666667
7 0.8739492753623188 0.7183999999999999 0.25049114331723027 0.45685333333333333
7 0.7998832528180354 0.64896 0.2769001610305959 0.2973866666666667
7 0.7499838969404187 0.5892533333333333 0.20397745571658626 0.2855466666666666
7 0.28054347826086956 0.5645066666666667 0.14334138486312398 0.15269333333333332
7 0.31338969404186795 0.5513066666666667 0.11652173913043476 0.13295999999999997
7 0.5317431561996779 0.5416000000000001 0.04690016103059581 0.11440000000000002
7 0.3756602254428341 0.5139866666666667 0.06268921095008052 0.0814666666666667
7 0.509194847020934 0.5084666666666667 0.025136876006441246 0.07026666666666666
6 0.4904589371980676 0.4724666666666667 0.013703703703703688 0.053786666666666635
1 0.43126409017713363 0.4876 0.05706924315619972 0.06954666666666662
1 0.47822463768115936 0.4778933333333333 0.026867954911433175 0.027893333333333353