7 0.09771739130434783 0.7744933333333334 0.19543478260869565 0.44210666666666665
7 0.6518558776167472 0.6174266666666666 0.1365780998389694 0.2926133333333333
7 0.24087359098228664 0.6448 0.13466183574879229 0.23237333333333338
7 0.33660225442834135 0.5618000000000001 0.07120772946859903 0.16504000000000005
7 0.4567874396135266 0.5046266666666667 0.023172302737520106 0.053893333333333356
7 0.3685426731078905 0.5423466666666666 0.05115942028985509 0.1163733333333333
7 0.40066022544283414 0.52444 0.03386473429951691 0.07437333333333337
7 0.5240982286634461 0.4936133333333334 0.017858293075684338 0.05074666666666667
7 0.5863808373590982 0.48044 0.05297101449275359 0.055013333333333324
1 0.43042270531400967 0.5042800000000001 0.023518518518518546 0.07511999999999996
1 0.487451690821256 0.47787999999999997 0.015128824476650534 0.04456000000000002
1 0.5499355877616747 0.4667866666666667 0.017648953301127274 0.04456000000000002
1 0.6551932367149759 0.4376 0.09228663446054741 0.030666666666666665
1 0.7499677938808373 0.45982666666666666 0.1023510466988728 0.08066666666666666