7 0.8731360708534621 0.7479466666666668 0.25211755233494365 0.4987733333333333
7 0.6917673107890498 0.6518133333333334 0.15677133655394518 0.3560533333333334
7 0.23028985507246374 0.6563066666666667 0.13537842190016103 0.26066666666666666
7 0.3906803542673108 0.5409866666666667 0.03396940418679549 0.08149333333333333
7 0.5341384863123995 0.5100666666666666 0.029710144927536212 0.07725333333333333
7 0.4045571658615137 0.5321066666666666 0.03003220611916265 0.06784
7 0.18157004830917875 0.5687466666666666 0.04898550724637681 0.06965333333333334
7 0.21219404186795487 0.5608133333333334 0.05190821256038645 0.07511999999999996
7 0.24786231884057974 0.5604933333333333 0.045563607085346194 0.07480000000000003
1 0.4681602254428341 0.5028933333333333 0.09396940418679543 0.07234666666666666
1 0.5650362318840579 0.4612133333333333 0.05454911433172303 0.05010666666666665
1 0.6530958132045088 0.45982666666666666 0.026030595813204452 0.052879999999999955