7 0.09695652173913044 0.7801333333333333 0.19391304347826088 0.4344
7 0.9804790660225444 0.7645466666666666 0.0374315619967794 0.46557333333333334
7 0.8155152979066023 0.7373066666666667 0.32710144927536233 0.5200533333333334
7 0.2276086956521739 0.6513866666666667 0.14099838969404188 0.26816
7 0.6161876006441225 0.57768 0.08981481481481488 0.19178666666666672
7 0.3428260869565217 0.5678000000000001 0.0775684380032206 0.14594666666666664
7 0.5806441223832529 0.5549466666666666 0.06476650563607081 0.13981333333333335
7 0.4018800322061192 0.52 0.033679549114331665 0.08602666666666664
7 0.5518880837359098 0.5248933333333333 0.04123188405797095 0.10066666666666667
7 0.4337721417069243 0.49126666666666674 0.044082125603864736 0.04840000000000001
1 0.1960024154589372 0.50012 0.12332528180354266 0.05010666666666665