7 0.4964412238325282 0.5086133333333334 0.022125603864734313 0.07194666666666664
0 0.8194847020933979 0.6579733333333334 0.22196457326892113 0.67872
8 0.7143719806763285 0.6646266666666667 0.04078904991948477 0.47128000000000003
8 0.6447504025764895 0.6252533333333333 0.03140096618357488 0.34186666666666665
7 0.040873590982286635 0.6945333333333333 0.08174718196457327 0.2595733333333333
7 0.3239251207729469 0.5502266666666666 0.04652979066022541 0.08605333333333336
0 0.7184380032206119 0.60316 0.12752012882447664 0.45597333333333334
1 0.008405797101449276 0.5015066666666667 0.01681159420289855 0.0862133333333333
1 0.017210144927536232 0.8987333333333333 0.034420289855072464 0.14733333333333334
1 0.11464975845410628 0.5709333333333333 0.056223832528180355 0.13066666666666665
1 0.42622383252818036 0.49733333333333335 0.052028985507246335 0.06122666666666661