7 0.5016062801932367 0.61852 0.0841143317230274 0.26536
7 0.24677133655394526 0.5725866666666667 0.05570048309178745 0.08351999999999998
7 0.18194444444444446 0.5841999999999999 0.061199677938808386 0.08520000000000004
7 0.3312842190016103 0.5486000000000001 0.0397987117552335 0.06925333333333333
7 0.8836312399355878 0.5608799999999999 0.1374718196457326 0.13957333333333335
1 0.28952093397745576 0.539 0.033582930756843786 0.08344000000000006
1 0.37338969404186795 0.5209466666666667 0.040289855072463736 0.08621333333333336
1 0.43461352657004826 0.4764933333333333 0.02855072463768119 0.04733333333333333
1 0.4773913043478262 0.44733333333333336 0.03861513687600638 0.06677333333333339
1 0.13142512077294685 0.55428 0.02938808373590982 0.05288000000000003
1 0.9924355877616747 0.5570666666666667 0.01192431561996775 0.12512000000000004