7 0.17711755233494364 0.64272 0.2522544283413849 0.31120000000000003
7 0.6458132045088567 0.6158533333333334 0.10265700483091787 0.23826666666666665
7 0.2809983896940419 0.5754266666666668 0.15768115942028985 0.17106666666666667
7 0.33822061191626407 0.5467066666666667 0.10296296296296296 0.13186666666666672
7 0.3634702093397746 0.5472133333333333 0.10618357487922706 0.12242666666666666
7 0.3679710144927536 0.5352666666666668 0.09458937198067634 0.1126133333333333
7 0.6086151368760064 0.5693333333333334 0.07101449275362323 0.18682666666666667
7 0.5668679549114332 0.5372533333333334 0.037037037037037035 0.09061333333333338
7 0.39713365539452494 0.5360133333333333 0.07181964573268924 0.10061333333333339
6 0.5389371980676327 0.4858933333333333 0.022238325281803546 0.07989333333333336
1 0.47906602254428343 0.4904 0.09228663446054741 0.09733333333333333