8 0.9043093699515347 0.6665508021390374 0.10007269789983853 0.6615508021390375
8 0.5482229402261712 0.6473262032085562 0.05177705977382877 0.4178609625668449
8 0.22155088852988689 0.706283422459893 0.10378029079159934 0.5820855614973262
8 0.8963610662358642 0.6276470588235294 0.20566235864297255 0.7393582887700534
0 0.32158723747980617 0.7263235294117647 0.10516155088852994 0.5420053475935829
8 0.7583279483037156 0.5339572192513369 0.03998384491114701 0.35882352941176476
3 0.29611066235864303 0.6982486631016043 0.059943457189014525 0.2902941176470588
3 0.34885702746365105 0.6207219251336898 0.046114701130856244 0.1695187165775402
8 0.4022778675282714 0.5379679144385027 0.015864297253634883 0.15812834224598935
8 0.38975767366720515 0.5433689839572192 0.01494345718901454 0.14812834224598925
8 0.45885298869143776 0.5433957219251337 0.018917609046849724 0.16657754010695183
8 0.48397415185783527 0.5399999999999999 0.011663974151857787 0.15919786096256683
8 0.4199717285945072 0.5347459893048129 0.01605008077544427 0.15756684491978612
1 0.11904684975767367 0.6917647058823531 0.10576736672051697 0.35010695187165775
1 0.50297253634895 0.5375935828877005 0.0294022617124394 0.1862032085561497