7 0.8815579710144927 0.71436 0.23527375201288248 0.5659466666666666
7 0.3991183574879227 0.5552133333333333 0.0544524959742351 0.1204533333333333
7 0.7394484702093398 0.69148 0.18404991948470212 0.34994666666666674
7 0.6488607085346215 0.5916666666666667 0.09693236714975845 0.22024000000000002
7 0.61164653784219 0.5641200000000001 0.06163446054750408 0.15111999999999998
7 0.42169484702093396 0.5379466666666667 0.04435587761674716 0.09466666666666666
7 0.5910144927536232 0.54264 0.04750402576489533 0.11813333333333328
7 0.43580917874396136 0.53052 0.036288244766505585 0.07842666666666666
7 0.57676731078905 0.53016 0.03786634460547502 0.09871999999999995
7 0.46603059581320444 0.51072 0.022206119162640935 0.055306666666666615
1 0.5415499194847021 0.4904 0.0327455716586152 0.05845333333333338