7 0.4780177276390008 0.5125531914893617 0.027945205479452014 0.08409574468085107
7 0.14180096696212732 0.7620345744680851 0.28360193392425465 0.47061170212765957
7 0.17336825141015308 0.6051728723404256 0.13152296535052377 0.1798138297872341
7 0.34363013698630135 0.5815425531914894 0.08124899274778408 0.171595744680851
7 0.2985697018533441 0.5388297872340426 0.06102336825141012 0.12675531914893617
7 0.3861724415793715 0.5402127659574468 0.048428686543110416 0.10670212765957449
7 0.4132312651087833 0.5266223404255319 0.03205479452054797 0.07425531914893614
2 0.4347219983883965 0.49238031914893615 0.02294923448831589 0.08380319148936168
7 0.021567284448025786 0.6106781914893618 0.04313456889605157 0.20412234042553193
6 0.17955680902497984 0.5332446808510638 0.10273972602739724 0.176595744680851
1 0.26816680096696216 0.4709574468085106 0.039589041095890405 0.07510638297872335
1 0.39820306204673644 0.4612367021276596 0.040435132957292515 0.06678191489361698