7 0.11236312399355879 0.6091333333333334 0.22472624798711757 0.7764
7 0.7991183574879227 0.7516266666666667 0.32657809983896935 0.4914133333333333
7 0.3895209339774557 0.5046533333333334 0.050636070853462195 0.13245333333333337
7 0.2255475040257649 0.6880799999999999 0.2199516908212561 0.47018666666666664
7 0.6449194847020934 0.6068933333333333 0.1230112721417069 0.28157333333333334
7 0.577012882447665 0.5366266666666667 0.06964573268921095 0.1671733333333334
7 0.5467834138486313 0.511 0.052181964573268874 0.13341333333333327
7 0.5301610305958132 0.4998266666666667 0.040853462157809994 0.09917333333333332
7 0.4180072463768116 0.47842666666666667 0.027383252818035372 0.07055999999999994
1 0.4727777777777778 0.4626 0.0813848631239936 0.0862133333333333
1 0.6275201288244766 0.4431733333333333 0.048679549114331755 0.06954666666666662