7 0.0777012882447665 0.73056 0.155402576489533 0.5335466666666667
7 0.13003623188405797 0.6404000000000001 0.26007246376811594 0.39104000000000005
7 0.14789855072463767 0.5997466666666667 0.20959742351046703 0.2845066666666667
7 0.22635668276972623 0.6102133333333333 0.18598228663446056 0.2295466666666667
7 0.25082528180354263 0.5521333333333334 0.17622383252818033 0.196
7 0.3052536231884058 0.5292933333333334 0.1210225442834138 0.16157333333333335
7 0.32304750402576493 0.5108666666666667 0.12020128824476652 0.18008
0 0.4440861513687601 0.5034000000000001 0.010829307568437948 0.0862133333333333
7 0.765132850241546 0.7615733333333334 0.2639210950080516 0.47152
7 0.8096256038647344 0.6090533333333333 0.2393317230273753 0.2966666666666666
7 0.7463888888888889 0.5947733333333334 0.1691062801932367 0.22634666666666672
7 0.6981803542673107 0.5658000000000001 0.1320128824476651 0.17794666666666664
7 0.6756964573268921 0.5458533333333333 0.09950885668276975 0.1564533333333333
7 0.650414653784219 0.53844 0.11714170692431554 0.14584
7 0.6283735909822867 0.53356 0.10864734299516904 0.118
7 0.6206723027375202 0.51624 0.0898631239935587 0.13103999999999996
7 0.3778502415458937 0.5025733333333333 0.07911433172302733 0.08696000000000004
7 0.39270531400966185 0.5022666666666666 0.0681481481481481 0.08
7 0.5255998389694041 0.50108 0.028768115942029 0.07133333333333333
6 0.5003140096618357 0.45871999999999996 0.012012882447665114 0.045919999999999996
1 0.47194041867954917 0.4584533333333334 0.037777777777777743 0.061226666666666686