7 0.08617149758454107 0.7130533333333333 0.17234299516908214 0.43448000000000003
7 0.16078904991948473 0.6194266666666667 0.22869565217391305 0.2860000000000001
7 0.20916666666666664 0.5568933333333332 0.20384057971014494 0.2912266666666667
0 0.4124557165861514 0.5419066666666666 0.018132045088566813 0.13234666666666667
7 0.9403703703703704 0.75212 0.11764895330112712 0.4904266666666667
7 0.8759339774557167 0.68084 0.24652173913043474 0.37832
7 0.8072383252818036 0.6335999999999999 0.1929146537842191 0.28986666666666666
7 0.74487922705314 0.60668 0.20125603864734293 0.24578666666666663
7 0.6934782608695652 0.58364 0.17096618357487925 0.1849333333333333
7 0.6712117552334943 0.55248 0.13504830917874397 0.1936
7 0.3313888888888889 0.5389333333333334 0.10871980676328505 0.11759999999999998
7 0.35353462157809984 0.5317466666666667 0.09080515297906605 0.10503999999999997
7 0.5274194847020934 0.5256266666666667 0.037592592592592546 0.09205333333333336
7 0.5100362318840579 0.5024266666666667 0.021811594202898577 0.06138666666666662
6 0.4936916264090177 0.47434666666666664 0.012826086956521699 0.05034666666666666
1 0.4492914653784219 0.48344000000000004 0.05958132045088567 0.06677333333333331