7 0.4905797101449275 0.5360266666666667 0.04404186795491138 0.11856000000000003
7 0.06638083735909822 0.7515066666666667 0.13276167471819644 0.49165333333333333
7 0.3053743961352657 0.56468 0.14812399355877615 0.2539466666666667
7 0.33923107890499193 0.5427466666666667 0.10419484702093396 0.2117866666666667
7 0.3719001610305958 0.5316000000000001 0.08028985507246375 0.11872000000000003
7 0.39429549114331724 0.5114133333333334 0.07509661835748796 0.12714666666666669
6 0.5505394524959742 0.47392 0.05041867954911434 0.15610666666666673
7 0.48338969404186793 0.5038666666666667 0.027793880837359085 0.08352000000000005
6 0.1507850241545894 0.65912 0.3015700483091788 0.60576
5 0.091268115942029 0.469 0.182536231884058 0.3185866666666667
1 0.4477697262479871 0.47988 0.031771336553945276 0.03672000000000003