7 0.9474355877616748 0.6685466666666666 0.10351851851851847 0.6575733333333333
7 0.8237479871175524 0.7329466666666667 0.35089371980676326 0.5287733333333333
7 0.582133655394525 0.59288 0.10085346215780998 0.21626666666666666
0 0.3463888888888889 0.56828 0.027705314009661856 0.19378666666666663
7 0.29378019323671495 0.5993333333333334 0.0801529790660225 0.17456000000000002
7 0.523486312399356 0.5356266666666667 0.06611916264090177 0.16447999999999993
7 0.4701086956521739 0.52728 0.038220611916264115 0.09066666666666667
7 0.34825281803542674 0.5279466666666667 0.029355877616747166 0.07397333333333328
7 0.4456682769726248 0.5133466666666666 0.026602254428341354 0.06829333333333337
8 0.33190016103059583 0.50016 0.00914653784218998 0.0730666666666666
8 0.32588566827697263 0.5117466666666666 0.006215780998389716 0.07325333333333334
0 0.3732165861513687 0.5518266666666667 0.025273752012882483 0.16786666666666664
1 0.40777777777777774 0.49316 0.021835748792270536 0.052879999999999955