7 0.861340579710145 0.7708933333333333 0.27570853462157807 0.45288000000000006
7 0.06995169082125603 0.7585866666666667 0.13990338164251206 0.4774933333333333
7 0.1096135265700483 0.6826266666666667 0.2192270531400966 0.35133333333333333
7 0.15875201288244767 0.6258133333333333 0.22487922705314012 0.29626666666666673
7 0.6194927536231883 0.6088800000000001 0.11832528180354271 0.2474133333333334
7 0.2938003220611916 0.5831733333333333 0.1595169082125604 0.17690666666666668
7 0.5679468599033817 0.5399866666666667 0.056682769726247965 0.11970666666666663
7 0.30415458937198064 0.55956 0.1201449275362319 0.15970666666666672
7 0.324098228663446 0.5313066666666667 0.09629629629629627 0.15541333333333335
7 0.535024154589372 0.4971733333333333 0.02887278582930749 0.08245333333333338
1 0.42512882447665057 0.4899866666666667 0.0530112721417069 0.07042666666666665
1 0.4694605475040257 0.46787999999999996 0.03650563607085349 0.028026666666666717
1 0.5005756843800322 0.45832 0.017495974235104683 0.02143999999999998
1 0.5168035426731078 0.48068 0.021835748792270536 0.04456000000000002