8 0.22576086956521738 0.49174666666666667 0.016256038647342992 0.12461333333333338
7 0.22173913043478258 0.4779066666666667 0.054798711755233494 0.13970666666666662
7 0.26400161030595815 0.48984 0.05439613526570049 0.10165333333333335
7 0.31793880837359095 0.48121333333333327 0.0625925925925926 0.08669333333333339
6 0.4563486312399356 0.46905333333333327 0.05760869565217388 0.10408
7 0.4799677938808374 0.4703733333333333 0.042898550724637656 0.06927999999999997
7 0.5156682769726249 0.46665333333333336 0.04508856682769726 0.07234666666666666
7 0.542524154589372 0.4728266666666667 0.04910628019323663 0.05621333333333329
7 0.5660386473429951 0.4745466666666666 0.035732689210950075 0.05634666666666673
7 0.5860789049919486 0.4726266666666667 0.040724637681159456 0.053146666666666606
7 0.6069605475040258 0.4684533333333334 0.04691626409017712 0.05477333333333331
6 0.6401006441223832 0.45650666666666667 0.048188405797101375 0.07477333333333339
7 0.65914653784219 0.46170666666666665 0.04249597423510465 0.05056000000000002
7 0.674194847020934 0.45936 0.036811594202898576 0.04602666666666664
1 0.25597020933977455 0.4487333333333334 0.2952576489533011 0.08066666666666666
1 0.7231239935587761 0.45703999999999995 0.08222222222222222 0.0695466666666667
1 0.9181924315619968 0.42649333333333334 0.16037842190016108 0.052879999999999955