7 0.39597020933977456 0.5611466666666667 0.059090177133655386 0.12282666666666667
7 0.12395732689210949 0.70668 0.22330917874396136 0.36984000000000006
7 0.30342592592592593 0.58984 0.07681964573268923 0.14751999999999998
7 0.5191908212560387 0.5145866666666666 0.02525764895330113 0.07285333333333331
7 0.6142431561996781 0.49124 0.08040257648953303 0.08248000000000001
7 0.6047141706924316 0.48152 0.06928341384863129 0.09759999999999998
6 0.764891304347826 0.44250666666666666 0.07520933977455724 0.09045333333333337
1 0.4726046698872785 0.49210666666666675 0.014194847020933973 0.03125333333333333
1 0.6900000000000001 0.44596 0.0813848631239935 0.07511999999999996
1 0.549098228663446 0.47096000000000005 0.037777777777777834 0.0584533333333333
1 0.49835748792270534 0.4917733333333334 0.02855072463768119 0.05010666666666665
1 0.4337721417069243 0.5223333333333333 0.0352576489533011 0.08898666666666667