7 0.10443236714975847 0.73184 0.20886473429951694 0.4026133333333334
7 0.15564814814814815 0.6610533333333334 0.27026570048309173 0.29752
7 0.19068840579710145 0.6280666666666667 0.22276167471819647 0.22087999999999997
7 0.25682367149758456 0.5874666666666666 0.13992753623188406 0.1965333333333333
7 0.6127455716586151 0.5993733333333333 0.10676328502415461 0.23741333333333325
7 0.3538969404186796 0.5403866666666666 0.09460547504025765 0.12141333333333333
7 0.5518921095008051 0.51388 0.038115942028985536 0.10311999999999996
7 0.36915056360708537 0.5252 0.07983091787439611 0.08911999999999996
6 0.5206239935587762 0.46265333333333336 0.01677133655394519 0.06312000000000004
1 0.43386473429951694 0.4890133333333333 0.050772946859903384 0.06303999999999996
1 0.4753341384863124 0.46057333333333333 0.046191626409017715 0.03928000000000005
1 0.509681964573269 0.4667733333333334 0.01261674718196454 0.027893333333333353