7 0.5141867954911433 0.56952 0.058615136876006405 0.15952
8 0.8183252818035427 0.5512400000000001 0.029259259259259193 0.23234666666666665
7 0.9298349436392915 0.5260533333333334 0.12947665056360705 0.12133333333333333
7 0.3156038647342995 0.5352800000000001 0.04470209339774556 0.08677333333333331
0 0.6345491143317229 0.5215733333333333 0.044798711755233485 0.11498666666666668
6 0.5436795491143317 0.5051733333333334 0.0336392914653784 0.11770666666666663
8 0.4309782608695653 0.5231733333333334 0.00992753623188409 0.11882666666666668
6 0.3786111111111111 0.5086933333333333 0.02348631239935589 0.059200000000000044
7 0.48816425120772944 0.5412666666666667 0.035201288244766434 0.10727999999999997
1 0.43084541062801934 0.5181733333333334 0.07803542673107897 0.07512000000000005
1 0.34361916264090175 0.5153733333333333 0.024355877616747183 0.05288000000000003