7 0.8573228663446055 0.7920266666666667 0.283743961352657 0.41061333333333333
7 0.562536231884058 0.5490933333333334 0.06268921095008052 0.16608
7 0.2705958132045089 0.5808666666666666 0.14064412238325283 0.17959999999999998
7 0.2972987117552335 0.5699333333333333 0.14875201288244766 0.16082666666666667
7 0.36179951690821255 0.53108 0.09817230273752013 0.1349066666666666
7 0.5376731078904992 0.535 0.03452495974235104 0.0949066666666666
8 0.09189210950080515 0.5526933333333333 0.019855072463768112 0.20346666666666663
2 0.2386553945249597 0.6776933333333333 0.11114331723027376 0.20893333333333333
2 0.18030193236714975 0.7138 0.0978341384863124 0.31576
2 0.26941626409017716 0.62484 0.09551529790660225 0.19746666666666662
2 0.2941666666666667 0.6182133333333333 0.07667471819645734 0.1733866666666666
2 0.10939210950080516 0.6915600000000001 0.11234299516908212 0.35117333333333334
2 0.7183132045088567 0.75712 0.17694847020933976 0.3711466666666666
1 0.4340297906602255 0.49988000000000005 0.046159420289855105 0.057839999999999996
1 0.47252012882447664 0.47786666666666666 0.028840579710144875 0.03402666666666672
1 0.509158615136876 0.5063599999999999 0.0226006441223832 0.057839999999999996