7 0.2891264090177134 0.7020133333333333 0.20678743961352655 0.45757333333333333
7 0.807097423510467 0.71004 0.3841948470209339 0.5745866666666667
7 0.37687198067632854 0.61804 0.11934782608695658 0.25181333333333333
7 0.556364734299517 0.5382933333333334 0.045998389694041866 0.116
7 0.6414573268921095 0.6263333333333333 0.13397745571658615 0.29741333333333325
8 0.33828502415458933 0.5577066666666667 0.016731078904991974 0.22592
8 0.3479307568438003 0.5446799999999999 0.009371980676328492 0.18584
7 0.4591747181964574 0.51088 0.026658615136876018 0.08058666666666667
7 0.5373953301127213 0.5154 0.030330112721417037 0.08274666666666666
8 0.3516787439613527 0.5492400000000001 0.01237520128824477 0.18952
1 0.5117713365539452 0.4917733333333334 0.020161030595813176 0.04456000000000002