7 0.07416666666666666 0.7570133333333333 0.14833333333333332 0.48064
7 0.6354146537842189 0.5753866666666666 0.09037842190016103 0.21957333333333334
7 0.18530193236714976 0.7415866666666667 0.22308373590982286 0.3990666666666667
7 0.29557971014492757 0.63964 0.12938808373590982 0.2528266666666666
7 0.4502093397745571 0.5309733333333334 0.03204508856682766 0.07495999999999996
7 0.6047785829307568 0.5663333333333334 0.05316425120772945 0.12552
7 0.5889774557165861 0.5464666666666667 0.04020933977455721 0.11016000000000001
7 0.5796739130434783 0.5348133333333334 0.03161835748792269 0.08696000000000004
7 0.4909943639291466 0.5103866666666667 0.017238325281803517 0.04343999999999998
1 0.5396618357487922 0.4910933333333333 0.010386473429951764 0.026026666666666642
1 0.5094645732689211 0.49610666666666664 0.017785829307568373 0.02197333333333336
1 0.5641908212560387 0.5237333333333334 0.024355877616747183 0.05845333333333338