8 0.6243497576736673 0.6424598930481283 0.04443457189014539 0.3859358288770053
8 0.3229321486268174 0.613716577540107 0.03450726978998382 0.3210160427807487
8 0.2569386106623587 0.6143181818181818 0.029919224555735074 0.308475935828877
8 0.7663570274636511 0.6022593582887701 0.03626817447495968 0.3309358288770053
8 0.7228069466882068 0.5958823529411765 0.042835218093699494 0.32497326203208554
8 0.5372415185783522 0.5483422459893048 0.02223747980613891 0.19951871657754006
8 0.62859450726979 0.6389839572192513 0.04675282714054927 0.3374866310160427
8 0.5925080775444265 0.619331550802139 0.029523424878836798 0.29203208556149735
8 0.5752221324717286 0.6025401069518717 0.029281098546042002 0.26090909090909087
8 0.6388126009693053 0.5732085561497327 0.04334410339256863 0.2561497326203208
8 0.6518659127625201 0.5468582887700535 0.023699515347334343 0.2100802139037433
7 0.4628231017770598 0.5280882352941176 0.03932956381260101 0.1002941176470588
1 0.5075848142164782 0.49454545454545457 0.013457189014539647 0.05010695187165778