8 0.5289011437908496 0.46849999999999997 0.016200980392156804 0.15478378378378374
8 0.21764705882352944 0.5380945945945946 0.04096405228758171 0.3218648648648648
8 0.43375816993464056 0.4675270270270271 0.023169934640522888 0.18359459459459454
8 0.8977287581699346 0.7104054054054054 0.20290849673202616 0.5737837837837838
8 0.913999183006536 0.6103108108108108 0.1703676470588235 0.773972972972973
8 0.956642156862745 0.7567027027027028 0.0850816993464053 0.4811891891891892
8 0.983014705882353 0.7018918918918918 0.03233660130718948 0.5908108108108108
8 0.7032679738562091 0.725081081081081 0.16140522875816998 0.5444324324324324
8 0.5391462418300653 0.6761891891891891 0.06798202614379088 0.5623243243243244
8 0.6447263071895425 0.6884594594594595 0.058423202614379076 0.5055135135135135
8 0.7003962418300653 0.644445945945946 0.06430555555555559 0.5414864864864865
8 0.7782148692810458 0.6340675675675677 0.06719771241830065 0.5115405405405405
6 0.10912581699346405 0.49864864864864866 0.2182516339869281 0.9972972972972973
1 0.2770833333333333 0.544527027027027 0.08986928104575163 0.3222972972972974
1 0.7305187908496732 0.3597837837837838 0.2158251633986928 0.09172972972972972
1 0.3576919934640523 0.4403513513513514 0.010939542483660119 0.07508108108108108
1 0.40471813725490197 0.4348108108108108 0.019338235294117614 0.10286486486486487
1 0.4542565359477124 0.45285135135135135 0.02101307189542486 0.11672972972972973