5 0.5225281803542673 0.4459866666666667 0.049404186795491155 0.19789333333333337
7 0.01778582930756844 0.57408 0.03557165861513688 0.11957333333333327
7 0.08987117552334944 0.5511066666666666 0.08581320450885668 0.10280000000000003
7 0.15161433172302738 0.5376933333333334 0.055805152979066026 0.08509333333333333
7 0.196256038647343 0.5253599999999999 0.04818035426731079 0.07008
7 0.22717391304347828 0.5216 0.04439613526570049 0.06101333333333332
7 0.2574436392914654 0.5106666666666667 0.032407407407407406 0.06032000000000001
7 0.2761030595813204 0.5076933333333333 0.027520128824476655 0.05016
1 0.44347423510466993 0.45598666666666665 0.015128824476650626 0.02919999999999997
1 0.41336151368760066 0.46660000000000007 0.008929146537842216 0.023386666666666694
1 0.3293599033816425 0.4917733333333334 0.07635265700483095 0.05010666666666665