7 0.21936392914653788 0.5733466666666667 0.0613365539452496 0.146
6 0.18018921095008053 0.5374666666666666 0.05909017713365541 0.13301333333333332
7 0.62335346215781 0.5126933333333333 0.037479871175523406 0.07285333333333331
2 0.6894041867954912 0.4873866666666667 0.012206119162640968 0.05482666666666667
1 0.09258856682769727 0.5673066666666667 0.06442028985507246 0.06704000000000004
1 0.773389694041868 0.46697333333333335 0.04904991948470206 0.06562666666666662
1 0.27094605475040257 0.5524399999999999 0.042214170692431566 0.0814666666666667
1 0.3178341384863124 0.52164 0.024283413848631214 0.03373333333333335
1 0.7239653784219001 0.48205333333333333 0.011779388083735905 0.064
1 0.6694524959742352 0.4917733333333334 0.040289855072463736 0.04456000000000002
1 0.8258574879227054 0.47929333333333335 0.03609500805152992 0.04178666666666663