7 0.49452495974235106 0.58272 0.08061191626409019 0.25242666666666674
7 0.9771658615136875 0.7172933333333333 0.044057971014492776 0.56008
7 0.8204468599033816 0.7037333333333333 0.23192431561996776 0.4734933333333333
7 0.7143679549114331 0.5949866666666667 0.1987842190016104 0.3200533333333333
7 0.6731481481481482 0.5677733333333334 0.13731078904991956 0.20637333333333338
7 0.044114331723027374 0.6171733333333334 0.08822866344605475 0.27594666666666673
7 0.11184380032206119 0.5658933333333332 0.14553945249597422 0.22208
6 0.4384621578099838 0.48132 0.020515297906602177 0.055866666666666634
8 0.5698268921095008 0.5107066666666666 0.015660225442834175 0.12061333333333331
8 0.7581964573268921 0.48571999999999993 0.007069243156199748 0.1122933333333333
8 0.7518357487922706 0.4809333333333334 0.005088566827697303 0.08127999999999998
1 0.39309581320450887 0.49234666666666665 0.01709339774557163 0.043733333333333346