7 0.09109098228663447 0.7423466666666666 0.18218196457326893 0.5099733333333334
7 0.11282206119162641 0.67276 0.22564412238325282 0.40648
7 0.15935185185185186 0.62536 0.27678743961352653 0.3178666666666667
7 0.19966586151368762 0.58696 0.17424315619967792 0.24197333333333335
7 0.26070048309178745 0.5886 0.15924315619967794 0.19880000000000003
7 0.27737117552334944 0.5666666666666667 0.15551529790660226 0.17418666666666666
7 0.32244766505636074 0.5294666666666668 0.10930756843800321 0.14725333333333332
7 0.33839774557165864 0.5204666666666667 0.11 0.16594666666666663
0 0.4488446054750402 0.5159066666666666 0.009911433172302786 0.07997333333333335
7 0.696916264090177 0.7103333333333334 0.17848631239935583 0.39576
7 0.7643719806763284 0.5884933333333333 0.1997101449275361 0.25266666666666665
7 0.6778582930756843 0.5625066666666667 0.11690821256038651 0.15935999999999997
7 0.6390136876006441 0.54616 0.10698067632850242 0.13376
7 0.6200845410628019 0.5346533333333333 0.10044283413848631 0.10930666666666669
7 0.6136191626409018 0.5272933333333334 0.08376006441223831 0.12253333333333338
7 0.38507246376811594 0.5197466666666667 0.07466988727858294 0.08232000000000002
7 0.39896135265700483 0.514 0.06458937198067635 0.07594666666666672
7 0.5255756843800322 0.5154 0.027302737520128892 0.06792
6 0.5014895330112722 0.4727866666666667 0.011851851851851874 0.04504000000000004
1 0.47325281803542674 0.4756666666666667 0.024315619967793918 0.02589333333333328