6 0.5140056360708535 0.5507866666666666 0.07440418679549111 0.2695733333333333
6 0.9703220611916263 0.48569333333333337 0.05774557165861516 0.50984
7 0.26707729468599034 0.6005199999999999 0.12523349436392917 0.20258666666666666
7 0.1663888888888889 0.5718 0.15385668276972622 0.26167999999999997
7 0.432000805152979 0.5264 0.055289855072463784 0.12986666666666663
7 0.7471497584541064 0.5623333333333334 0.12342995169082131 0.19960000000000006
7 0.560450885668277 0.48918666666666666 0.03341384863123994 0.10349333333333334
6 0.6011070853462158 0.45549333333333336 0.040330112721417094 0.1285333333333333
7 0.8245531400966184 0.54176 0.13773752012882462 0.21189333333333327
7 0.9212117552334943 0.5577733333333333 0.15596618357487926 0.18541333333333335
5 0.5547624798711756 0.4343733333333333 0.03802737520128826 0.18192
2 0.09107890499194847 0.6425066666666667 0.18215780998389694 0.16
7 0.04527777777777778 0.6037066666666666 0.09055555555555556 0.18192
2 0.013599033816425122 0.5459466666666667 0.027198067632850244 0.13173333333333334