8 0.7103743961352657 0.6204666666666667 0.0468679549114332 0.4753866666666667
8 0.08111513687600644 0.61956 0.04464573268921095 0.31650666666666666
8 0.14169082125603866 0.60884 0.040837359098228665 0.34850666666666674
3 0.7402818035426731 0.6337066666666666 0.07291465378421905 0.2403733333333333
3 0.04541867954911433 0.62564 0.04853462157809984 0.15442666666666666
0 0.3586111111111111 0.5338533333333333 0.032278582930756826 0.1854666666666667
6 0.44130434782608696 0.48908 0.05983896940418679 0.15464000000000003
8 0.7202495974235105 0.5952933333333333 0.04473429951690826 0.3764533333333333
0 0.4974879227053141 0.51556 0.03371980676328502 0.11485333333333332
1 0.3875322061191626 0.5017066666666666 0.03643317230273752 0.05418666666666672
1 0.6426086956521738 0.5181733333333334 0.021835748792270536 0.08066666666666666
1 0.6757407407407408 0.6348266666666667 0.04112721417069237 0.20288000000000003
1 0.18677938808373593 0.5626133333333334 0.03106280193236716 0.1695466666666667
1 0.27107085346215776 0.5445466666666666 0.030225442834138503 0.11677333333333331
1 0.7805756843800321 0.5487066666666667 0.046159420289855105 0.18621333333333337