7 0.14333735909822867 0.6145066666666666 0.17917069243156203 0.2123733333333333
7 0.2392351046698873 0.5677333333333333 0.12151368760064411 0.16533333333333333
7 0.2712117552334944 0.5477066666666667 0.1070772946859903 0.14202666666666672
7 0.315012077294686 0.5295333333333333 0.09453301127214168 0.12290666666666668
7 0.3343719806763285 0.5305066666666667 0.0759742351046699 0.09829333333333337
7 0.3523228663446055 0.51748 0.05548309178743963 0.08711999999999996
7 0.36873590982286636 0.5200133333333333 0.058550724637681135 0.06824000000000001
7 0.3779710144927536 0.5032533333333334 0.05109500805152982 0.07674666666666667
7 0.389182769726248 0.5026266666666667 0.05123188405797097 0.06877333333333331
7 0.39701690821256036 0.49935999999999997 0.0486392914653784 0.06224000000000001
1 0.5212600644122383 0.4724533333333334 0.011199677938808349 0.02704000000000004
1 0.5018518518518518 0.4912266666666667 0.014041867954911386 0.028533333333333303
1 0.43875603864734297 0.4835466666666666 0.027238325281803574 0.043786666666666633
1 0.7335064412238326 0.44187999999999994 0.3009742351046699 0.04573333333333335
1 0.8221256038647342 0.4890133333333333 0.018486312399355817 0.16122666666666668
1 0.4916425120772947 0.47096000000000005 0.020161030595813176 0.025119999999999965