7 0.23122785829307568 0.5829733333333333 0.18261674718196455 0.27432
7 0.2894806763285024 0.55328 0.1444041867954911 0.18442666666666666
7 0.6924718196457327 0.46725333333333335 0.06278582930756846 0.13189333333333328
7 0.7349194847020933 0.47401333333333334 0.055152979066022546 0.09271999999999996
7 0.332073268921095 0.5376 0.11116747181964577 0.12714666666666669
7 0.3422866344605475 0.5282933333333334 0.08552334943639293 0.11621333333333336
7 0.3579549114331723 0.5123066666666667 0.10019323671497585 0.12290666666666668
1 0.40148550724637677 0.489 0.05622383252818029 0.07234666666666666
1 0.44006843800322065 0.47650666666666663 0.0327455716586151 0.06954666666666662
1 0.6325483091787439 0.45149333333333336 0.04532206119162638 0.05845333333333338
1 0.7856078904991948 0.4431733333333333 0.03609500805152983 0.05845333333333338
1 0.5319082125603866 0.464 0.06713365539452495 0.06122666666666661