8 0.5036712439418417 0.5407754010695187 0.01831179321486265 0.18240641711229955
8 0.5126332794830372 0.533903743315508 0.024232633279483037 0.20647058823529413
8 0.7528029079159936 0.7028208556149733 0.09180936995153471 0.5890106951871658
8 0.9486470113085622 0.6532486631016042 0.10109046849757682 0.6881550802139037
8 0.4759208400646204 0.5599064171122995 0.029079159935379646 0.23997326203208555
7 0.3804967689822294 0.5635695187165776 0.1328029079159935 0.3387433155080214
6 0.4392730210016155 0.5284625668449198 0.0703069466882068 0.21852941176470586
3 0.7440145395799677 0.630788770053476 0.05326332794830367 0.2713636363636365
1 0.6141599353796445 0.4959224598930481 0.016817447495961268 0.11398395721925132
1 0.8138852988691438 0.6223128342245989 0.0470274636510501 0.2667647058823529
1 0.7001777059773828 0.5834491978609626 0.031082390953150164 0.205668449197861