7 0.9318035426731078 0.76012 0.13478260869565226 0.47442666666666666
0 0.666598228663446 0.5892533333333334 0.03155394524959738 0.20474666666666666
7 0.38188405797101443 0.6058133333333333 0.08028985507246375 0.21088000000000012
7 0.5870974235104669 0.5818 0.08469404186795486 0.22311999999999996
7 0.5639613526570049 0.56792 0.0571336553945249 0.14448000000000003
6 0.5496819645732689 0.5378266666666667 0.050845410628019304 0.14333333333333334
7 0.444549114331723 0.5251866666666667 0.02879227053140096 0.08013333333333336
6 0.5319162640901772 0.5109866666666667 0.032512077294685984 0.10287999999999996
1 0.47529388083735913 0.489 0.01596618357487926 0.04455999999999995
1 0.5042310789049921 0.4737066666666666 0.021843800322061187 0.03621333333333337
1 0.5155475040257649 0.5084533333333334 0.03106280193236718 0.061226666666666686