7 0.4933373590982287 0.5342800000000001 0.04348631239935587 0.11709333333333333
6 0.12535024154589372 0.5540666666666667 0.25070048309178744 0.8865333333333333
7 0.27825281803542673 0.6066400000000001 0.17193236714975846 0.23615999999999993
7 0.37321658615136877 0.5213333333333333 0.10012077294685992 0.15429333333333337
7 0.3882367149758454 0.5051066666666667 0.07475040257648956 0.13992
7 0.4181199677938809 0.49484 0.058671497584541064 0.09645333333333338
6 0.5397866344605474 0.47787999999999997 0.03862318840579712 0.12093333333333332
7 0.487854267310789 0.5068 0.02743156199677943 0.08288000000000004
6 0.3293357487922705 0.5422133333333333 0.15400161030595816 0.24533333333333332
5 0.20318840579710146 0.4640666666666666 0.11685990338164252 0.2153866666666667
1 0.9546537842190017 0.5070399999999999 0.08740740740740736 0.0695466666666667
1 0.4572584541062802 0.47928000000000004 0.0352576489533011 0.0695466666666667