7 0.5866304347826087 0.5838266666666667 0.10169887278582926 0.22909333333333332
7 0.14698067632850242 0.7492400000000001 0.29396135265700485 0.49618666666666666
8 0.10605877616747182 0.6664133333333333 0.029653784219001597 0.4569866666666666
7 0.1982648953301127 0.5903333333333334 0.1386876006441224 0.16776000000000008
7 0.42345008051529787 0.5212533333333333 0.04095813204508857 0.11823999999999993
7 0.5345893719806764 0.53212 0.050016103059581325 0.12295999999999996
8 0.14934782608695654 0.67592 0.0340901771336554 0.4575466666666666
7 0.43884863123993556 0.5142 0.027342995169082063 0.07074666666666667
7 0.5110386473429952 0.4968533333333333 0.02454106280193238 0.08448000000000001
1 0.45223027375201297 0.49732000000000004 0.020161030595813267 0.05010666666666665
1 0.4958373590982286 0.49454666666666663 0.020161030595813267 0.04456000000000002