7 0.8947584541062802 0.7197066666666666 0.20887278582930754 0.5552533333333334
7 0.12521336553945248 0.6489066666666666 0.25042673107890495 0.4916266666666666
7 0.058272946859903384 0.7365066666666666 0.11654589371980677 0.5216533333333333
7 0.7590016103059581 0.7591333333333333 0.26463768115942027 0.4764
7 0.13468196457326892 0.6189466666666668 0.24231078904991948 0.3659466666666667
7 0.21408615136876005 0.6150133333333333 0.1894766505636071 0.2564800000000001
7 0.24387278582930755 0.5894 0.18743961352657007 0.22887999999999994
7 0.32891304347826084 0.5505333333333333 0.11404186795491142 0.13706666666666667
7 0.3604991948470209 0.5303333333333333 0.08795491143317231 0.13613333333333336
7 0.5602254428341384 0.5556266666666667 0.04930756843800323 0.12527999999999997
7 0.636292270531401 0.6395599999999999 0.11965378421900162 0.2835466666666667
7 0.5377576489533011 0.52432 0.03324476650563604 0.09589333333333336
7 0.3876851851851852 0.5243733333333332 0.07429146537842189 0.09040000000000002
1 0.4467793880837359 0.48344000000000004 0.039452495974235106 0.061226666666666686
1 0.503389694041868 0.4806666666666667 0.018486312399355907 0.038986666666666676
1 0.47780998389694046 0.4820533333333333 0.01932367149758454 0.03621333333333337
1 0.5189009661835748 0.5112266666666666 0.026030595813204542 0.061226666666666686