7 0.6386835748792271 0.5792533333333333 0.09327697262479864 0.20080000000000003
7 0.5514694041867955 0.4906933333333333 0.05366344605475038 0.06074666666666667
8 0.4099838969404187 0.5092533333333334 0.008856682769726294 0.10741333333333333
0 0.6877053140096618 0.5215866666666666 0.04768115942028988 0.12429333333333337
7 0.6936553945249597 0.4779333333333333 0.05394524959742351 0.06648000000000001
7 0.8243800322061191 0.47616 0.07159420289855069 0.06416000000000001
6 0.9668880837359098 0.46085333333333334 0.0646135265700483 0.084
7 0.3194927536231884 0.51044 0.04966183574879223 0.06413333333333336
7 0.48790257648953295 0.48734666666666665 0.016996779388083746 0.0385333333333333
7 0.4609178743961353 0.48757333333333336 0.01974235104669886 0.03935999999999998
1 0.5109339774557166 0.48484 0.031900161030595814 0.052879999999999955
1 0.22368357487922705 0.5209466666666667 0.05287439613526569 0.08621333333333336
1 0.08235909822866345 0.5390133333333333 0.08893719806763285 0.12789333333333336
1 0.3641666666666667 0.49733333333333335 0.011779388083735905 0.06122666666666661