7 0.9920048309178745 0.7572933333333334 0.014380032206119083 0.48008
7 0.1324476650563607 0.77292 0.2648953301127214 0.44882666666666665
7 0.24153381642512078 0.7582666666666668 0.2127133655394525 0.36512000000000006
7 0.6862198067632851 0.68692 0.19580515297906598 0.39096
7 0.7522946859903382 0.54116 0.167181964573269 0.16941333333333333
7 0.3872423510466989 0.5514 0.05965378421900159 0.13965333333333335
7 0.5652777777777778 0.5465333333333333 0.05442028985507249 0.1393066666666666
6 0.40198470209339776 0.5112133333333333 0.04970209339774559 0.15677333333333332
7 0.5480756843800323 0.5333066666666667 0.04755233494363934 0.11375999999999999
6 0.3009782608695652 0.48341333333333336 0.12144122383252821 0.1485333333333333
6 0.48905797101449283 0.47594666666666674 0.019790660225442867 0.06879999999999996
6 0.6227254428341384 0.45836 0.07912238325281802 0.10194666666666664
1 0.45683977455716585 0.47232 0.015966183574879167 0.03343999999999998
1 0.5277093397745571 0.45565333333333335 0.015128824476650534 0.06677333333333331