7 0.282938808373591 0.7328133333333333 0.18223832528180353 0.41079999999999994
7 0.11392512077294686 0.7716133333333334 0.22785024154589373 0.45143999999999995
0 0.8609178743961352 0.7534933333333333 0.20400966183574878 0.48768
0 0.9304186795491143 0.7602266666666666 0.13755233494363922 0.4742133333333334
7 0.416243961352657 0.5759866666666666 0.05102254428341381 0.14664000000000002
7 0.4444766505636071 0.5533066666666667 0.030016103059581297 0.09050666666666667
6 0.45355475040257653 0.5164666666666667 0.025483091787439596 0.09656000000000002
7 0.5721537842190016 0.55036 0.0895410628019324 0.11672000000000003
7 0.5600603864734299 0.5427733333333334 0.07847826086956523 0.09173333333333335
7 0.5359983896940419 0.5285866666666666 0.05819645732689209 0.0805333333333333
6 0.4665257648953301 0.5095066666666667 0.017866344605474992 0.05960000000000006
6 0.37804347826086954 0.59504 0.0927858293075684 0.26720000000000005