7 0.6029693795326351 0.6067154255319149 0.08374697824335209 0.19507978723404262
7 0.16445608380338436 0.7578590425531915 0.30367445608380333 0.4789627659574468
7 0.36558823529411766 0.5855452127659575 0.08028203062046736 0.1914627659574469
7 0.5398871877518131 0.5324202127659574 0.036099919419822685 0.08952127659574467
7 0.22826349717969377 0.5893484042553192 0.10418211120064466 0.17827127659574468
7 0.4021837228041902 0.553656914893617 0.05081385979049154 0.12082446808510633
7 0.3170628525382756 0.5514361702127659 0.0561563255439162 0.10750000000000004
7 0.35606768734891214 0.5318218085106383 0.037389202256244945 0.07922872340425538
7 0.43588638195004026 0.5248803191489362 0.022860596293311847 0.05710106382978723
6 0.3957171635777599 0.5081515957446808 0.027437550362610807 0.06752659574468081
7 0.48431909750201446 0.5177792553191489 0.019371474617244127 0.060664893617021286
7 0.5089000805801773 0.5129787234042553 0.013158742949234522 0.043776595744680874
1 0.4508058017727639 0.5028856382978724 0.0210797743755036 0.055664893617021295
1 0.4701611603545528 0.5112234042553191 0.01771152296535054 0.050106382978723336