7 0.10383252818035428 0.7680933333333333 0.20766505636070856 0.45848
7 0.9313969404186796 0.44929333333333327 0.13559581320450892 0.30498666666666663
7 0.9939774557165861 0.42548 0.01043478260869568 0.14957333333333334
7 0.35105072463768117 0.6002 0.09144122383252817 0.18839999999999993
7 0.2597946859903381 0.6742533333333334 0.18252012882447666 0.3434933333333333
7 0.6251288244766506 0.5263599999999999 0.06874396135265701 0.1426933333333333
7 0.3952133655394525 0.5578533333333333 0.06034621578099843 0.14066666666666666
7 0.42552737520128825 0.5426533333333333 0.038381642512077305 0.10087999999999996
7 0.43414251207729465 0.5343866666666667 0.03458132045088561 0.08701333333333332
7 0.5374074074074074 0.5234266666666667 0.035008051529790675 0.09474666666666667
7 0.6339210950080515 0.5121600000000001 0.09993558776167472 0.11349333333333333
7 0.5748309178743962 0.5084133333333334 0.0426731078904992 0.07687999999999996
7 0.541280193236715 0.4720933333333334 0.03645732689210948 0.03608
7 0.44785426731078903 0.4813066666666667 0.03081320450885667 0.034133333333333286