7 0.3443357487922705 0.6086933333333333 0.10358293075684383 0.20464000000000002
7 0.2164452495974235 0.6363866666666667 0.13313204508856682 0.22551999999999997
7 0.5260144927536231 0.5137466666666667 0.031046698872785876 0.0872266666666666
7 0.3921175523349436 0.5586133333333334 0.051980676328502375 0.12063999999999994
7 0.6431400966183575 0.4886933333333333 0.10041867954911435 0.10202666666666664
7 0.630511272141707 0.4758266666666667 0.08540257648953305 0.11874666666666667
6 0.8145652173913044 0.42954666666666663 0.09095008051529793 0.10677333333333332
1 0.4723590982286635 0.4779066666666667 0.010096618357487985 0.039013333333333323
1 0.4358735909822867 0.4917866666666667 0.0327455716586152 0.03343999999999998
1 0.5780273752012883 0.4820533333333333 0.09228663446054751 0.09178666666666663
1 0.7298389694041868 0.44456 0.08893719806763288 0.08901333333333332
1 0.49835748792270534 0.4903866666666667 0.021835748792270536 0.04733333333333333