7 0.35539049919484705 0.6447466666666667 0.1246779388083736 0.31749333333333335
7 0.8520571658615138 0.7914 0.2942753623188406 0.41186666666666666
7 0.6547061191626409 0.68528 0.14754428341384862 0.37813333333333327
7 0.5825925925925926 0.6193066666666667 0.0861030595813204 0.22650666666666658
7 0.3961916264090177 0.5975333333333332 0.06932367149758456 0.19709333333333326
7 0.41352657004830917 0.5678666666666666 0.054541062801932376 0.13872000000000004
7 0.5557045088566828 0.5674533333333334 0.05776972624798712 0.1489866666666666
7 0.534597423510467 0.5566 0.04384863123993562 0.11751999999999999
7 0.43795893719806755 0.53804 0.03071658615136874 0.08631999999999994
7 0.45407407407407413 0.5172800000000001 0.027020933977455763 0.0902933333333333
7 0.463780193236715 0.5169066666666666 0.025193236714975815 0.07557333333333334
1 0.4991988727858293 0.5188666666666666 0.03691626409017706 0.05032000000000001