8 0.4316558966074313 0.7084090909090909 0.07269789983844911 0.5778342245989305
8 0.4355008077544426 0.6910561497326203 0.08618739903069465 0.48703208556149724
8 0.3070072697899839 0.6905080213903744 0.04819870759289177 0.466951871657754
8 0.22741518578352182 0.6474732620320856 0.04361873990306949 0.37943850267379686
8 0.4233723747980614 0.6119652406417112 0.07238287560581588 0.36751336898395726
8 0.3165630048465266 0.6590641711229946 0.04953957996768981 0.3741711229946523
8 0.3636995153473344 0.5733021390374332 0.025848142164781908 0.2891176470588236
8 0.3819184168012924 0.6158422459893048 0.042269789983844945 0.3556951871657753
7 0.3453352180936995 0.5772058823529411 0.0911873990306947 0.20933155080213903
8 0.5375121163166398 0.5017112299465241 0.01562197092084009 0.13877005347593585
8 0.45483037156704365 0.511283422459893 0.013731825525040387 0.12540106951871652
1 0.2661227786752827 0.5429946524064171 0.02731825525040387 0.17144385026737963
1 0.17107027463651053 0.5292112299465241 0.05908723747980615 0.116283422459893