7 0.07851449275362318 0.7077066666666666 0.15702898550724637 0.48928
7 0.8666062801932367 0.6621866666666667 0.2651771336553945 0.2971733333333334
7 0.8031763285024155 0.60252 0.20474235104669894 0.2773066666666667
7 0.6783735909822866 0.5418933333333332 0.14402576489533012 0.18095999999999995
2 0.25901368760064414 0.61256 0.10604669887278581 0.16373333333333343
7 0.24592995169082124 0.5264666666666667 0.17100644122383252 0.28168
6 0.5457769726247987 0.48629333333333336 0.05058776167471814 0.16815999999999992
7 0.3395813204508857 0.5226133333333334 0.10626409017713367 0.11573333333333335
7 0.3729227053140097 0.5063466666666666 0.08702093397745575 0.11871999999999995
6 0.5213446054750402 0.47310666666666673 0.02935587761674721 0.11309333333333332
6 0.4310386473429952 0.46492 0.05098228663446054 0.0829066666666666
1 0.4840901771336554 0.47403999999999996 0.043462157809983915 0.07495999999999996