7 0.10420692431561998 0.7768133333333334 0.20841384863123996 0.44104
7 0.2292834138486312 0.6551866666666667 0.14396135265700483 0.2504800000000001
7 0.30029790660225447 0.6052933333333333 0.08441223832528179 0.17549333333333325
7 0.3452254428341385 0.56904 0.06288244766505634 0.12592
7 0.751207729468599 0.47512000000000004 0.13502415458937203 0.1655466666666667
7 0.7203301127214171 0.47 0.08843800322061195 0.15264000000000003
7 0.6918800322061192 0.4722533333333333 0.09306763285024157 0.1350666666666666
7 0.9782447665056361 0.39896000000000004 0.04190016103059578 0.1232
7 0.9600040257648954 0.40525333333333335 0.07838164251207722 0.11455999999999994
7 0.6578099838969405 0.48018666666666665 0.08657004830917873 0.11349333333333333
7 0.3832769726247987 0.5413866666666667 0.04507246376811591 0.09466666666666666
7 0.561779388083736 0.5243333333333333 0.046054750402576526 0.11751999999999999
7 0.549243156199678 0.5160399999999999 0.036328502415458944 0.10221333333333336
1 0.4684621578099839 0.49992 0.12054750402576492 0.08186666666666664
1 0.5562278582930757 0.43265333333333333 0.05128019323671493 0.05426666666666665