7 0.45943236714975844 0.5428133333333334 0.039025764895330134 0.102
2 0.3116264090177133 0.6725733333333332 0.08095008051529792 0.22663999999999995
2 0.39551127214170695 0.5719066666666666 0.030636070853462167 0.11741333333333334
7 0.26485909822866344 0.5951200000000001 0.13210144927536233 0.17381333333333326
7 0.3124315619967794 0.5681999999999999 0.09652173913043478 0.15783999999999998
7 0.3580917874396135 0.5478933333333333 0.08025764895330109 0.10634666666666666
7 0.3821014492753624 0.5396266666666667 0.06017713365539458 0.09194666666666663
6 0.3952938808373591 0.5120266666666666 0.061940418679549074 0.09989333333333335
7 0.6309259259259259 0.66056 0.1352818035426731 0.32048000000000004
7 0.5886956521739131 0.6052133333333334 0.07351046698872782 0.19650666666666666
7 0.5566384863123994 0.5688799999999999 0.06082930756843797 0.15221333333333337
5 0.5314814814814816 0.46373333333333333 0.05993558776167476 0.2578666666666667
7 0.17091384863123993 0.5578933333333332 0.07899355877616746 0.11221333333333337
7 0.47137278582930753 0.52664 0.029524959742351014 0.08298666666666668
1 0.03996376811594203 0.75184 0.07992753623188406 0.4856533333333333