7 0.47873188405797107 0.5412933333333334 0.0468679549114332 0.12290666666666668
7 0.14033011272141707 0.6554133333333333 0.2622383252818035 0.3786666666666666
7 0.3259500805152979 0.5498266666666667 0.10808373590982287 0.14455999999999994
7 0.3534500805152979 0.5402933333333334 0.0886392914653784 0.11775999999999999
7 0.4346175523349437 0.5254266666666667 0.040893719806763346 0.08749333333333334
6 0.5883091787439614 0.5064 0.1019967793880837 0.30890666666666666
7 0.22159420289855075 0.56248 0.08497584541062804 0.13935999999999998
6 0.27087359098228664 0.51092 0.08435587761674716 0.17480000000000004
7 0.48509259259259263 0.5120533333333332 0.03140901771336553 0.09493333333333331
0 0.12319243156199677 0.5264666666666667 0.03245571658615137 0.10221333333333336
1 0.5085708534621578 0.49818666666666667 0.05179549114331717 0.1991466666666667