7 0.9342954911433172 0.7705733333333334 0.12979871175523353 0.45352
7 0.8313808373590983 0.6470800000000001 0.2904106280193237 0.28872000000000003
7 0.2084339774557166 0.6142399999999999 0.21686795491143318 0.24634666666666657
7 0.5285144927536232 0.5252266666666667 0.024919484702093344 0.06101333333333332
7 0.4014331723027375 0.5291066666666666 0.06760064412238319 0.08248000000000001
7 0.6076771336553946 0.5452 0.08058776167471814 0.10058666666666666
7 0.3310346215780998 0.56828 0.12211755233494365 0.14941333333333334
7 0.27307971014492755 0.5930533333333333 0.17290660225442836 0.2033866666666666
7 0.6766425120772946 0.5664399999999999 0.11238325281803536 0.15319999999999998
7 0.7045772946859904 0.5822933333333333 0.12851046698872787 0.15834666666666672
1 0.09543075684380033 0.58624 0.19086151368760065 0.8168533333333333
1 0.47862318840579715 0.5008 0.07315619967793882 0.07669333333333339
1 0.8843357487922704 0.43954666666666664 0.10023349436392916 0.09221333333333337