7 0.47660628019323664 0.5434133333333333 0.04667471819645726 0.12586666666666663
7 0.2573349436392915 0.7559866666666667 0.22375201288244764 0.4826933333333333
7 0.34569645732689214 0.6428666666666666 0.11472624798711756 0.26375999999999994
7 0.24242753623188407 0.6129600000000001 0.12818840579710145 0.2130133333333334
7 0.33322866344605473 0.5441466666666667 0.08198067632850241 0.11709333333333333
7 0.4372342995169082 0.5156666666666667 0.03182769726247985 0.07576000000000006
7 0.3977254428341385 0.5022 0.05313204508856684 0.06872000000000003
7 0.8615740740740742 0.8047333333333333 0.27524154589371985 0.3852
7 0.6938607085346217 0.6999199999999999 0.18411433172302735 0.43695999999999996
7 0.5371135265700483 0.5315733333333333 0.04356682769726249 0.10789333333333329
5 0.5313164251207729 0.4549333333333334 0.051988727858293025 0.1987733333333333
8 0.5822785829307568 0.5046133333333334 0.010466988727858293 0.1104533333333333
7 0.14733494363929148 0.5433466666666666 0.0898389694041868 0.10919999999999996
7 0.47958132045088564 0.51512 0.02935587761674721 0.08879999999999995
7 0.016368760064412236 0.5808666666666666 0.03273752012882447 0.154
1 0.06183574879227053 0.7509733333333334 0.12367149758454106 0.4873866666666667
1 0.49320853462157815 0.4369733333333334 0.02419484702093403 0.06978666666666664
1 0.27185185185185184 0.48613333333333336 0.028357487922705336 0.03701333333333332