7 0.5003623188405798 0.5629866666666666 0.05813204508856677 0.15717333333333333
7 0.06094202898550725 0.5669066666666666 0.1218840579710145 0.2429866666666666
6 0.6503582930756843 0.5556666666666666 0.12369565217391304 0.36290666666666666
8 0.24324074074074076 0.6502266666666666 0.05045893719806765 0.5233333333333332
6 0.1874476650563607 0.5081333333333333 0.09904991948470208 0.16879999999999995
7 0.3155636070853462 0.5574399999999999 0.12639291465378424 0.21818666666666664
7 0.33972624798711754 0.54912 0.11460547504025767 0.15834666666666672
7 0.36841384863124 0.5477333333333333 0.10608695652173918 0.13402666666666666
7 0.4074838969404187 0.5171733333333334 0.06646537842190017 0.10458666666666666
7 0.4336151368760064 0.49833333333333335 0.05028985507246375 0.06551999999999998
7 0.5823792270531402 0.53816 0.0540821256038647 0.11775999999999999
7 0.5640660225442834 0.51208 0.04241545893719803 0.10912000000000004
8 0.5376570048309178 0.5179333333333334 0.011272141706924315 0.09410666666666664
7 0.4902898550724638 0.5212933333333334 0.03297906602254422 0.09965333333333327
7 0.24324879227053142 0.4999866666666667 0.06374396135265702 0.08850666666666666
1 0.48304750402576485 0.4481733333333333 0.08617552334943646 0.05080000000000003