7 0.9463807189542482 0.5648648648648649 0.10560457516339869 0.13837837837837835
7 0.8943464052287582 0.5631216216216216 0.1012745098039216 0.13175675675675674
7 0.8258986928104575 0.5618783783783783 0.0946241830065359 0.14191891891891897
7 0.506123366013072 0.5077432432432433 0.027802287581699323 0.08197297297297301
0 0.7637745098039216 0.6285810810810811 0.14366013071895417 0.42581081081081085
0 0.9708129084967321 0.6583378378378378 0.05674019607843141 0.5034864864864865
0 0.19903186274509804 0.6311486486486486 0.09317810457516339 0.37932432432432434
8 0.15477532679738562 0.46767567567567575 0.010890522875817004 0.12843243243243246
8 0.1420220588235294 0.5044189189189189 0.02097222222222221 0.18883783783783786
8 0.11660130718954248 0.4949864864864865 0.024232026143790872 0.19224324324324324
8 0.8809763071895426 0.700527027027027 0.09504084967320264 0.5935405405405406
8 0.8798611111111111 0.6746081081081081 0.0727124183006536 0.5604054054054053
8 0.9698080065359478 0.6807837837837838 0.058750000000000066 0.6248648648648649
1 0.4025735294117647 0.4748918918918919 0.11272875816993466 0.08345945945945944
1 0.2754861111111111 0.4645405405405405 0.051266339869281044 0.09032432432432437
1 0.4814787581699346 0.4783513513513514 0.008039215686274536 0.055891891891891914