0 0.7419199346405229 0.518918918918919 0.06514705882352942 0.26291891891891883
8 0.7800040849673203 0.47693243243243244 0.016315359477124206 0.1679189189189189
8 0.42027777777777775 0.6447162162162162 0.05568627450980394 0.48667567567567566
8 0.3384272875816994 0.6124324324324324 0.06765522875816994 0.46199999999999997
8 0.38411356209150327 0.6150945945945946 0.057017973856209166 0.5154864864864864
8 0.678125 0.5146621621621622 0.03252450980392153 0.2173243243243243
8 0.8901225490196079 0.5074729729729729 0.028643790849673157 0.257972972972973
8 0.9163276143790849 0.507 0.0433905228758171 0.2993513513513513
8 0.9017851307189542 0.5212972972972972 0.023684640522875826 0.2446486486486486
6 0.49658496732026136 0.450527027027027 0.015049019607843104 0.05624324324324325
1 0.46715277777777786 0.4516216216216216 0.01481209150326797 0.050702702702702676