7 0.8976771336553945 0.7273733333333333 0.20303542673107888 0.53992
7 0.40320450885668274 0.6306266666666667 0.15207729468599038 0.3065333333333333
7 0.7997383252818037 0.75116 0.2748067632850242 0.49234666666666665
7 0.7091384863123994 0.63404 0.13977455716586143 0.33682666666666666
7 0.9574154589371981 0.48314666666666667 0.0835587761674718 0.2053866666666667
6 0.9073631239935587 0.4776266666666667 0.15076489533011272 0.23781333333333327
6 0.8093679549114331 0.49632000000000004 0.12984702093397735 0.21082666666666666
7 0.47268921095008043 0.5234933333333334 0.05341384863123996 0.12005333333333329
7 0.7369001610305959 0.4878133333333334 0.06816425120772944 0.10277333333333331
7 0.6157769726247988 0.5071333333333333 0.03712560386473431 0.10247999999999995
7 0.5056441223832528 0.50152 0.03600644122383255 0.0864533333333333
5 0.58243961352657 0.44487999999999994 0.036360708534621644 0.11936000000000005
1 0.16183574879227053 0.5378666666666666 0.32367149758454106 0.11290666666666667
1 0.5228945249597423 0.4843866666666667 0.040861513687600645 0.11981333333333336
1 0.6697705314009662 0.4421333333333334 0.06065217391304342 0.052533333333333376