7 0.32035829307568436 0.6479466666666667 0.17432367149758454 0.48773333333333335
7 0.6616223832528181 0.6552933333333334 0.12633655394524967 0.25432
7 0.8409138486312399 0.7697066666666667 0.31656199677938807 0.45525333333333334
7 0.44624798711755237 0.52912 0.03399355877616749 0.1010133333333334
7 0.387121578099839 0.5926266666666666 0.08620772946859907 0.2229066666666666
7 0.6221859903381642 0.5935866666666667 0.07358293075684388 0.1786933333333334
7 0.5884138486312399 0.5592933333333334 0.05177133655394531 0.12359999999999999
7 0.5699154589371981 0.5412 0.04226247987117553 0.10368
7 0.5578220611916265 0.5321333333333333 0.033711755233494366 0.08191999999999999
1 0.5015378421900162 0.50768 0.07315619967793882 0.08703999999999996
1 0.6398228663446055 0.48784 0.027842190016103094 0.03701333333333332