7 0.8539814814814815 0.7409600000000001 0.29042673107890504 0.5127466666666667
7 0.10920289855072464 0.7597866666666667 0.21840579710144928 0.4750933333333333
7 0.3230595813204509 0.5765066666666666 0.08227053140096618 0.16912000000000005
7 0.3611714975845411 0.5546000000000001 0.058510466988727874 0.12109333333333333
7 0.38419887278582926 0.5368666666666666 0.041505636070853474 0.09927999999999998
7 0.40277375201288246 0.5261866666666667 0.036288244766505634 0.08090666666666668
7 0.6678864734299517 0.46556000000000003 0.08271336553945251 0.10514666666666668
7 0.6368719806763286 0.46697333333333335 0.061940418679549164 0.0924533333333333
7 0.9311392914653783 0.4163866666666666 0.10776972624798722 0.10263999999999995
7 0.8957165861513687 0.4187066666666666 0.1009661835748793 0.10189333333333335
7 0.8737359098228664 0.424 0.09867954911433167 0.08655999999999994
7 0.8577979066022544 0.42345333333333335 0.09053945249597418 0.08231999999999993
7 0.551304347826087 0.49938666666666665 0.030579710144927552 0.07989333333333336
1 0.44151368760064413 0.5084266666666667 0.04869565217391306 0.0923733333333333
1 0.6103220611916264 0.48484 0.039452495974235106 0.052879999999999955
1 0.5036876006441224 0.47178666666666663 0.01610305958132045 0.05333333333333334
1 0.5306481481481482 0.49176 0.034420289855072464 0.07232000000000001