0 0.7002859477124184 0.529864864864865 0.05506535947712417 0.2707567567567567
8 0.9290318627450981 0.6342162162162162 0.14030228758169935 0.7261621621621622
8 0.7640849673202614 0.47309459459459463 0.017107843137254948 0.16591891891891897
8 0.47711601307189544 0.6084864864864864 0.04184640522875819 0.39010810810810814
8 0.4089828431372549 0.5927297297297297 0.05205065359477127 0.3747027027027027
8 0.4391053921568628 0.5812702702702702 0.05142973856209154 0.4181621621621622
8 0.7067810457516339 0.5123648648648649 0.02950980392156863 0.20743243243243242
8 0.8960866013071895 0.5093108108108108 0.03642156862745092 0.24040540540540536
8 0.9268382352941177 0.49145945945945946 0.039183006535947744 0.2767027027027027
8 0.9081944444444445 0.5199054054054054 0.027434640522875944 0.22672972972972977
6 0.4987418300653595 0.4582432432432433 0.014836601307189516 0.05545945945945949