7 0.492610797743755 0.5452925531914894 0.05529411764705883 0.16627659574468082
6 0.12419822723609991 0.5230984042553192 0.24839645447219982 0.9484840425531915
7 0.0984689766317486 0.6349601063829787 0.1969379532634972 0.2776861702127659
7 0.23926672038678487 0.5702925531914894 0.09376309427880743 0.1653191489361702
7 0.343638195004029 0.5799734042553192 0.0963819500402901 0.22292553191489367
7 0.3105278001611604 0.5371941489361702 0.057767929089443996 0.10470744680851057
7 0.392433521353747 0.5309175531914894 0.04809024979854956 0.11598404255319153
7 0.41190169218372275 0.5169946808510638 0.030378726833199025 0.07164893617021284
7 0.4286744560838034 0.5086037234042553 0.02519742143432714 0.06082446808510632
2 0.4360515713134569 0.4597739361702128 0.03385979049153907 0.12226063829787241
7 0.2763053988718775 0.5337632978723404 0.055012087026591446 0.08869680851063828