7 0.9472467320261436 0.5699324324324324 0.10387254901960792 0.13889189189189186
7 0.8944362745098039 0.5626891891891892 0.10251633986928106 0.13181081081081084
7 0.825686274509804 0.5626351351351352 0.09475490196078443 0.142027027027027
7 0.50625 0.5070270270270271 0.02794117647058827 0.08194594594594592
8 0.7379901960784313 0.6230135135135135 0.06781045751633986 0.4201351351351352
8 0.7729330065359477 0.626945945945946 0.050114379084967346 0.367945945945946
8 0.4655433006535948 0.578027027027027 0.04193627450980395 0.3048648648648648
8 0.23781454248366016 0.5053783783783784 0.027442810457516318 0.17681081081081076
8 0.2720179738562091 0.5186891891891893 0.016339869281045753 0.1814864864864865
8 0.2611519607843137 0.5366756756756756 0.026143790849673203 0.2265405405405405
8 0.2938031045751634 0.5428108108108107 0.03241013071895426 0.20632432432432432
8 0.18384395424836603 0.5198108108108108 0.02260620915032681 0.20394594594594598
8 0.21334967320261436 0.5233243243243243 0.02042483660130719 0.20043243243243242
8 0.2376470588235294 0.5311351351351351 0.018790849673202614 0.18064864864864866
8 0.24669934640522878 0.5205 0.027924836601307196 0.18289189189189187
1 0.15647467320261435 0.4843783783783784 0.026789215686274504 0.10929729729729729