7 0.16541867954911432 0.6448266666666667 0.33083735909822864 0.7050133333333333
7 0.7142351046698873 0.69264 0.2007085346215781 0.37328000000000006
7 0.8862842190016103 0.7768266666666667 0.22582125603864736 0.4410133333333333
7 0.41325281803542674 0.5095066666666667 0.04262479871175523 0.11746666666666669
7 0.3114855072463768 0.6222266666666666 0.13905797101449277 0.3256799999999999
7 0.6297745571658616 0.59196 0.0966505636070854 0.2241333333333333
7 0.5815056360708535 0.53844 0.06144927536231879 0.14541333333333334
7 0.5546215780998389 0.5202133333333333 0.047375201288244795 0.11904000000000003
7 0.5394565217391305 0.5091333333333333 0.03733494363929147 0.09058666666666666
1 0.4773188405797101 0.4826666666666667 0.0872141706924316 0.0887466666666666
1 0.6189895330112721 0.44472 0.033051529790660186 0.03701333333333332