7 0.4898107890499195 0.5052266666666667 0.018864734299516867 0.059466666666666695
7 0.6182971014492753 0.62384 0.10353462157809987 0.2476266666666667
7 0.5871537842190017 0.5710266666666667 0.07425925925925927 0.17976
7 0.4620772946859904 0.5040399999999999 0.01639291465378423 0.045786666666666635
7 0.5542351046698872 0.5343333333333333 0.03996779388083735 0.10861333333333338
7 0.5413727858293076 0.5226266666666667 0.03685185185185184 0.10269333333333339
8 0.5713727858293075 0.49860000000000004 0.011006441223832587 0.10290666666666667
1 0.5111714975845411 0.5016533333333334 0.022632850241545814 0.08874666666666667
1 0.3598752012882448 0.5111466666666666 0.09086151368760062 0.0525333333333333
1 0.43797101449275366 0.5000933333333333 0.018486312399355907 0.055653333333333346
1 0.9089774557165862 0.7779200000000001 0.1788244766505636 0.43349333333333334