7 0.1378341384863124 0.6393066666666667 0.2756682769726248 0.37135999999999997
6 0.16516908212560386 0.4817066666666666 0.3303381642512077 0.5386666666666666
7 0.743828502415459 0.74728 0.2682367149758455 0.5001066666666667
7 0.8033252818035427 0.5984933333333333 0.19352657004830928 0.2416266666666667
7 0.7128341384863124 0.56436 0.1783735909822866 0.18375999999999998
7 0.292902576489533 0.5338266666666667 0.14477455716586152 0.16855999999999993
7 0.5226771336553945 0.4894133333333333 0.021698872785829253 0.05280000000000003
7 0.41064814814814815 0.4855333333333333 0.05871980676328503 0.07159999999999998
7 0.5891747181964573 0.5023333333333333 0.06731884057971006 0.08392000000000008
7 0.3667391304347826 0.5127066666666666 0.09417069243156202 0.11597333333333328
7 0.6358615136876007 0.5172933333333334 0.0864251207729468 0.11863999999999995
1 0.47654186795491144 0.46284 0.06482286634460546 0.06632000000000002
1 0.8317471819645732 0.4266133333333334 0.1085668276972625 0.08704000000000003