8 0.8211433172302738 0.6692 0.09037037037037038 0.6562666666666667
0 0.319158615136876 0.5492666666666667 0.0403462157809984 0.22898666666666667
0 0.3363526570048309 0.5389066666666666 0.034508856682769734 0.18864000000000003
6 0.4312842190016103 0.48816 0.06672302737520129 0.16965333333333335
3 0.10272946859903381 0.59088 0.04695652173913043 0.1713066666666666
3 0.1315016103059581 0.57884 0.05290660225442835 0.16050666666666666
8 0.1310305958132045 0.5673999999999999 0.020805152979066027 0.21373333333333336
8 0.8276288244766505 0.6497200000000001 0.08252012882447675 0.55048
8 0.7317149758454106 0.69276 0.042721417069243206 0.2993866666666667
8 0.7510587761674719 0.6904933333333333 0.03319645732689203 0.29864
0 0.5052777777777778 0.5179600000000001 0.03471014492753624 0.122
7 0.3691425120772947 0.50964 0.05828502415458941 0.06642666666666666
1 0.6689855072463768 0.5085333333333333 0.07471819645732686 0.14394666666666664
1 0.2408735909822866 0.5598266666666667 0.033582930756843786 0.14733333333333334
1 0.017210144927536232 0.67928 0.034420289855072464 0.4695466666666666