7 0.9176207729468598 0.7358666666666667 0.16314814814814824 0.5229333333333334
7 0.7581320450885668 0.6992666666666667 0.27542673107890514 0.5961333333333334
7 0.6365942028985508 0.5830666666666667 0.13075684380032204 0.34837333333333337
7 0.5931280193236714 0.5518133333333334 0.06970209339774561 0.1944533333333333
8 0.5488808373590982 0.4946266666666667 0.012077294685990338 0.11581333333333328
8 0.552109500805153 0.4991066666666667 0.011272141706924315 0.11159999999999999
7 0.43780193236714976 0.5013333333333333 0.02589371980676335 0.08501333333333332
8 0.5001288244766505 0.49030666666666667 0.008856682769726247 0.07026666666666666
7 0.3566425120772947 0.5614 0.06541062801932368 0.14770666666666663
7 0.04438808373590983 0.7856266666666667 0.08877616747181966 0.42341333333333336
7 0.14297101449275365 0.7402400000000001 0.26304347826086955 0.45589333333333326
7 0.28053140096618356 0.6138266666666666 0.12223832528180353 0.2552266666666667