7 0.4024235104669887 0.5377733333333334 0.040144927536231896 0.10856000000000002
7 0.12227858293075684 0.5237333333333334 0.07256038647342995 0.10714666666666668
7 0.18188808373590984 0.5203599999999999 0.05475845410628021 0.07858666666666667
7 0.9629066022544283 0.5889733333333333 0.07257648953301135 0.12573333333333334
7 0.226682769726248 0.5167466666666667 0.04359098228663447 0.06922666666666662
7 0.44210144927536227 0.50508 0.02249597423510462 0.05693333333333339
7 0.48283413848631246 0.5350533333333333 0.040144927536231896 0.1324533333333333
7 0.0425402576489533 0.5351333333333333 0.0850805152979066 0.11416000000000001
0 0.7658333333333333 0.5708133333333334 0.028703703703703686 0.13885333333333333
1 0.3692471819645733 0.48526666666666673 0.013776167471819657 0.04909333333333332
1 0.538780193236715 0.47664 0.059090177133655386 0.02149333333333334