8 0.28089460784313725 0.48249999999999993 0.014746732026143754 0.10516216216216215
8 0.36308823529411766 0.48467567567567565 0.013071895424836602 0.07891891891891896
8 0.27428104575163403 0.46279729729729735 0.006666666666666687 0.08532432432432438
7 0.8293300653594772 0.5540540540540541 0.08848039215686271 0.13027027027027024
7 0.8944158496732025 0.557445945945946 0.09884803921568629 0.12472972972972975
7 0.9479861111111112 0.5591756756756756 0.10239379084967315 0.12629729729729727
8 0.2947263071895425 0.46275675675675676 0.008488562091503256 0.09070270270270271
8 0.2651756535947713 0.5436081081081081 0.021707516339869275 0.1998648648648649
8 0.32835784313725486 0.5445 0.029738562091503294 0.2272162162162162
0 0.4625980392156863 0.5162162162162162 0.021062091503267953 0.16102702702702698
7 0.5062867647058823 0.5021486486486487 0.029485294117647085 0.07624324324324326
8 0.24265931372549018 0.4792027027027027 0.014060457516339853 0.11781081081081082
8 0.18448937908496732 0.473527027027027 0.008439542483660118 0.11862162162162167
8 0.7676797385620915 0.5125945945945947 0.008562091503267989 0.09924324324324324
1 0.15985702614379085 0.4809324324324324 0.030433006535947712 0.09894594594594598