7 0.9801811594202898 0.5744133333333332 0.03802737520128826 0.33458666666666664
7 0.08311191626409017 0.7018266666666667 0.16622383252818035 0.5894133333333333
7 0.20766103059581323 0.5800266666666667 0.2188486312399356 0.2824533333333334
7 0.2483816425120773 0.57892 0.18982286634460546 0.19768
7 0.11803140096618357 0.6442 0.23606280193236714 0.3334666666666667
7 0.3904790660225443 0.513 0.08854267310789052 0.09128000000000004
7 0.9267109500805152 0.5366666666666666 0.14496779388083733 0.20464000000000002
7 0.5923188405797102 0.52088 0.09690821256038648 0.11327999999999998
7 0.580487117552335 0.51052 0.08994363929146541 0.11784
1 0.49294685990338166 0.4930133333333333 0.01117552334943639 0.08874666666666667
1 0.8377415458937197 0.50336 0.0320048309178743 0.11290666666666667
1 0.428743961352657 0.5029066666666667 0.040289855072463736 0.055679999999999986