8 0.5189943457189015 0.6526470588235295 0.044159935379644646 0.43251336898395726
8 0.567677705977383 0.6376871657754011 0.05142972536348946 0.4421122994652407
8 0.18602988691437802 0.6681417112299465 0.055193861066235896 0.4651069518716578
0 0.07904684975767366 0.6827272727272727 0.15809369951534732 0.6291978609625668
0 0.307859450726979 0.6755213903743315 0.0962520193861066 0.44350267379679137
0 0.3526009693053312 0.5840909090909091 0.046138933764135706 0.28711229946524064
8 0.5981825525040387 0.5233422459893049 0.021809369951534735 0.18278074866310157
8 0.6175040387722133 0.5405614973262033 0.016962843295638127 0.1959893048128342
7 0.4051736672051696 0.5044786096256685 0.03516155088852991 0.10516042780748666
1 0.03188610662358643 0.7837299465240642 0.06377221324717286 0.4218449197860963
1 0.4421647819063005 0.49818181818181817 0.027318255250403826 0.0818181818181818
1 0.23200726978998387 0.5309625668449197 0.01533925686591277 0.07491978609625671