7 0.8733172302737521 0.7854133333333333 0.2517552334943639 0.42384
7 0.635281803542673 0.6069733333333334 0.12066022544283415 0.3149066666666668
7 0.1390660225442834 0.6398 0.2781320450885668 0.32173333333333337
7 0.21355072463768118 0.59636 0.20359098228663447 0.25965333333333335
7 0.23208132045088567 0.5605466666666666 0.15501610305958133 0.26263999999999993
7 0.26487117552334943 0.5668533333333333 0.12818035426731078 0.16421333333333338
7 0.3253140096618357 0.5499733333333333 0.11204508856682771 0.14127999999999996
7 0.34782608695652173 0.5442 0.10228663446054748 0.1362933333333333
7 0.3491908212560386 0.5224 0.08132850241545893 0.13274666666666668
7 0.3596014492753623 0.5203066666666667 0.09962157809983899 0.12151999999999998
7 0.3951610305958132 0.48048 0.06391304347826086 0.09866666666666667
0 0.46497987117552336 0.4793866666666666 0.00577294685990344 0.049599999999999984
7 0.5547342995169082 0.5397066666666667 0.04326892109500806 0.11402666666666672
7 0.5151006441223832 0.49171999999999993 0.01886473429951696 0.048133333333333285
1 0.44398550724637686 0.4774933333333333 0.030966183574879166 0.04735999999999998
1 0.5564895330112722 0.4636933333333333 0.027842190016103094 0.030106666666666646
1 0.4942471819645733 0.46713333333333334 0.021070853462157868 0.061146666666666606