6 0.5813808373590983 0.4874266666666667 0.03936392914653783 0.10578666666666671
7 0.5113888888888889 0.5065999999999999 0.04454911433172297 0.09202666666666665
6 0.40104267310789055 0.49696 0.13501610305958137 0.29711999999999994
7 0.18552737520128826 0.57656 0.13978260869565218 0.1570666666666667
7 0.059830917874396136 0.7894 0.11966183574879227 0.41586666666666666
7 0.37023349436392916 0.5294 0.04768115942028983 0.08914666666666668
4 0.5069927536231884 0.46243999999999996 0.05454911433172303 0.08450666666666666
1 0.055587761674718204 0.8863866666666667 0.11117552334943641 0.21655999999999995
1 0.2708091787439614 0.5119866666666667 0.027318840579710152 0.0853066666666667
1 0.5481561996779387 0.4740533333333334 0.021594202898550765 0.03701333333333332
1 0.6083091787439613 0.4714666666666667 0.011690821256038634 0.06634666666666665
1 0.8144887278582931 0.44644 0.3678019323671497 0.06114666666666668