7 0.49556360708534625 0.5286933333333333 0.0340096618357488 0.10650666666666667
7 0.13955314009661834 0.5978533333333333 0.12620772946859904 0.17634666666666665
7 0.22493156199677938 0.5607333333333333 0.09203703703703701 0.14519999999999997
7 0.6282125603864734 0.5478000000000001 0.1009500805152979 0.16695999999999997
7 0.6149838969404187 0.5409866666666667 0.09599033816425113 0.13973333333333335
7 0.5852495974235105 0.5342800000000001 0.0850080515297906 0.11373333333333335
7 0.5714533011272142 0.5255599999999999 0.07271336553945246 0.11143999999999998
6 0.5263808373590984 0.4868533333333333 0.033727858293075674 0.049173333333333326
1 0.4270611916264091 0.49387999999999993 0.07940418679549115 0.04909333333333332
1 0.7070088566827697 0.5128666666666666 0.01638486312399358 0.08013333333333329
1 0.7390619967793881 0.4723333333333333 0.03190821256038647 0.05010666666666672