7 0.11610305958132044 0.74056 0.2322061191626409 0.5135466666666667
7 0.7195893719806763 0.6823466666666667 0.2148953301127215 0.44784000000000007
7 0.26263285024154587 0.66936 0.1577133655394525 0.34805333333333327
7 0.622073268921095 0.5920533333333333 0.11047504025764898 0.22944000000000006
6 0.5722504025764895 0.4815466666666666 0.08530595813204513 0.28224
7 0.5489412238325282 0.5158533333333333 0.03989533011272138 0.12541333333333335
7 0.5418156199677938 0.52192 0.03812399355877619 0.10016000000000001
7 0.5184863123993559 0.5123066666666667 0.025426731078905026 0.06695999999999996
7 0.4163929146537843 0.5237733333333334 0.025636070853462183 0.059706666666666706
7 0.5013768115942029 0.5050933333333334 0.02985507246376815 0.06725333333333333
7 0.47717793880837356 0.5062266666666666 0.022262479871175505 0.0475466666666667
1 0.39372785829307566 0.50508 0.015861513687600633 0.05080000000000003
1 0.44737117552334943 0.49906666666666666 0.013776167471819657 0.0525333333333333