8 0.8325363489499192 0.652312834224599 0.07512116316639751 0.619385026737968
8 0.5209693053311794 0.6267379679144385 0.04361873990306947 0.38791443850267376
8 0.27431744749596126 0.6855080213903744 0.06596930533117934 0.5503208556149733
8 0.7889095315024233 0.655307486631016 0.0869628432956381 0.6840374331550801
0 0.3553473344103392 0.6828074866310161 0.0744426494345719 0.45844919786096267
3 0.31403069466882066 0.6696256684491979 0.053101777059773834 0.25951871657754016
8 0.4060662358642973 0.5207486631016043 0.012390953150242306 0.1488235294117647
8 0.3918659127625202 0.5284491978609626 0.013198707592891787 0.13983957219251333
8 0.4585056542810985 0.5288770053475936 0.015347334410339256 0.1623529411764706
8 0.4800242326332795 0.529451871657754 0.009289176090468497 0.15553475935828873
8 0.4247980613893376 0.5267647058823529 0.016962843295638127 0.15342245989304812
1 0.17366720516962844 0.684385026737968 0.07991922455573508 0.28524064171123