7 0.02393317230273752 0.5025066666666667 0.04786634460547504 0.12165333333333335
5 0.05152979066022544 0.47888 0.07458937198067632 0.12976
7 0.4514170692431563 0.4919733333333334 0.06267310789049922 0.08138666666666669
8 0.644134460547504 0.4697333333333333 0.010201288244766564 0.07626666666666665
7 0.6062359098228663 0.45981333333333335 0.03545088566827704 0.08624000000000001
7 0.6305434782608695 0.46308 0.036256038647342975 0.06632000000000002
7 0.6650563607085346 0.46141333333333334 0.044170692431561916 0.05914666666666669
1 0.14138083735909823 0.47664 0.07575684380032204 0.07669333333333331
1 0.362999194847021 0.4688533333333333 0.051280193236714976 0.08874666666666667
1 0.24685185185185188 0.44903999999999994 0.06273752012882448 0.06288000000000003
1 0.8445088566827698 0.44473333333333337 0.2674235104669888 0.0853066666666667
1 0.6140982286634461 0.41122666666666663 0.16106280193236713 0.027893333333333353