7 0.03206521739130435 0.7968666666666666 0.0641304347826087 0.4009333333333333
7 0.8544001610305958 0.74136 0.2895893719806763 0.5119466666666667
7 0.3128663446054751 0.5863733333333333 0.08618357487922707 0.18
7 0.6388607085346215 0.6007733333333333 0.119621578099839 0.2661866666666666
7 0.5947745571658616 0.5573866666666666 0.07679549114331723 0.1794666666666666
7 0.3541666666666667 0.56032 0.05369565217391309 0.12928000000000006
8 0.6021900161030597 0.4926266666666667 0.01341384863123991 0.1431733333333334
8 0.6170571658615137 0.492 0.015563607085346157 0.1427733333333334
1 0.021473429951690822 0.8484399999999999 0.042946859903381644 0.2924533333333334
1 0.09543075684380033 0.5758133333333334 0.19086151368760065 0.15775999999999998
1 0.6997181964573268 0.44989333333333337 0.04763285024154587 0.03701333333333332