7 0.8281038647342996 0.7771466666666667 0.34218196457326894 0.4403733333333333
7 0.55670692431562 0.54496 0.056618357487922745 0.15162666666666663
7 0.292926731078905 0.5752933333333333 0.1250161030595813 0.16120000000000004
7 0.31675925925925924 0.5575866666666667 0.13380837359098227 0.14536
7 0.36999597423510466 0.5323866666666666 0.09160225442834137 0.12621333333333337
7 0.5355998389694041 0.5369733333333333 0.0323590982286634 0.08989333333333335
8 0.14019323671497586 0.5480266666666667 0.018518518518518517 0.17951999999999999
2 0.27698067632850243 0.6493466666666666 0.09320450885668276 0.17682666666666674
2 0.23886473429951693 0.6650533333333333 0.07059581320450883 0.24935999999999997
2 0.3007085346215781 0.6055333333333333 0.08059581320450883 0.16920000000000004
2 0.3197504025764895 0.6014933333333333 0.06607085346215781 0.15119999999999997
2 0.6702375201288244 0.6946133333333334 0.1347584541062802 0.2829866666666668
1 0.4671618357487922 0.5111466666666666 0.09710950080515299 0.08703999999999996