7 0.07549114331723028 0.6969466666666667 0.15098228663446056 0.29608
7 0.10393719806763285 0.6239466666666666 0.2078743961352657 0.2775466666666666
7 0.1826207729468599 0.6113866666666666 0.1760144927536232 0.21669333333333332
7 0.2517793880837359 0.5725866666666667 0.12798711755233494 0.16960000000000006
7 0.3136634460547504 0.5472133333333333 0.057230273752012915 0.1044533333333333
7 0.3395893719806763 0.5387066666666667 0.07619967793880836 0.09895999999999996
7 0.39635668276972624 0.5234533333333333 0.02891304347826089 0.07336000000000005
1 0.425756843800322 0.5068133333333333 0.02679549114331721 0.06114666666666668
1 0.5002375201288245 0.48610666666666674 0.01950885668276974 0.0335466666666667
1 0.5413808373590983 0.49217333333333335 0.0320048309178744 0.059440000000000055
1 0.8194363929146538 0.4516266666666667 0.35790660225442833 0.10256000000000003