7 0.9556400966183575 0.7647866666666667 0.08710950080515302 0.4650933333333333
7 0.7856642512077295 0.73536 0.29855877616747184 0.5239466666666667
7 0.1325563607085346 0.7663333333333333 0.2651127214170692 0.462
7 0.2822946859903382 0.6357733333333333 0.13418679549114335 0.30648000000000003
7 0.6086795491143318 0.5881866666666666 0.09302737520128822 0.22352000000000005
7 0.35402576489533016 0.5834266666666666 0.07937198067632849 0.19981333333333334
7 0.5777777777777777 0.5469733333333333 0.06816425120772944 0.14744
6 0.5534460547504025 0.4847866666666667 0.061851851851851804 0.20994666666666664
7 0.5144847020933978 0.5083333333333333 0.021964573268921074 0.05767999999999999
7 0.42712157809983897 0.5179600000000001 0.02298711755233491 0.051599999999999986
7 0.5005716586151369 0.5028 0.02623188405797105 0.05893333333333332
7 0.47908615136876004 0.5045466666666666 0.020152979066022522 0.04269333333333338
1 0.4520652173913044 0.49732000000000004 0.011698872785829286 0.03528000000000005