7 0.33561996779388087 0.5865066666666666 0.061127214170692445 0.13370666666666664
7 0.5552495974235104 0.52928 0.04689210950080516 0.11717333333333332
7 0.36625201288244763 0.5635866666666667 0.04926731078904992 0.10365333333333335
7 0.3955152979066022 0.5345733333333333 0.036360708534621554 0.09634666666666665
7 0.4069524959742351 0.52564 0.030056360708534655 0.07522666666666669
6 0.8838486312399356 0.41719999999999996 0.08681159420289868 0.12981333333333328
7 0.02671497584541063 0.61488 0.05342995169082126 0.10325333333333334
7 0.051316425120772946 0.6110533333333333 0.08593397745571658 0.10402666666666671
7 0.09265297906602254 0.6036666666666667 0.09150563607085346 0.11335999999999997
1 0.4713285024154589 0.5033866666666666 0.09607085346215775 0.09221333333333337
1 0.9551127214170693 0.39211999999999997 0.08655394524959742 0.1594933333333333
1 0.701537842190016 0.45508 0.018985507246376845 0.05080000000000003