7 0.4775987107171636 0.5060505319148937 0.029234488315874364 0.08795212765957446
7 0.022240128928283642 0.6925531914893617 0.044480257856567285 0.27340425531914897
7 0.2288154713940371 0.6768218085106382 0.18528605962933117 0.33997340425531913
7 0.215 0.5649202127659574 0.10542304593070105 0.18914893617021278
7 0.3467203867848509 0.5626462765957447 0.07650282030620467 0.15460106382978722
7 0.3945406929895246 0.5322074468085106 0.04340854149879125 0.09515957446808511
2 0.42713134568896044 0.49449468085106385 0.02775181305398867 0.09968085106382976
6 0.058074133763094275 0.5657180851063829 0.11614826752618855 0.27824468085106374
1 0.014959709911361805 0.7629255319148937 0.02991941982272361 0.1159574468085107
1 0.14606768734891215 0.458656914893617 0.054923448831587424 0.07470744680851064
1 0.38878323932312653 0.45950797872340426 0.04138597904915392 0.03859042553191487
1 0.44945608380338437 0.4707047872340426 0.00961321514907338 0.05406914893617024