7 0.48893719806763286 0.5423866666666666 0.045491143317230275 0.12258666666666666
7 0.07935587761674719 0.7425866666666667 0.15871175523349437 0.5094933333333334
7 0.19656199677938807 0.6618933333333333 0.2210305958132045 0.4965333333333333
7 0.3187037037037037 0.5854133333333333 0.13594202898550722 0.19984
7 0.33837359098228664 0.55492 0.11671497584541066 0.16632000000000002
7 0.377512077294686 0.5268799999999999 0.0771980676328502 0.10741333333333333
7 0.4032447665056361 0.5150533333333333 0.06542673107890504 0.09240000000000001
6 0.6830917874396135 0.55896 0.19908212560386473 0.5007466666666667
7 0.6114573268921095 0.5761866666666666 0.0820933977455716 0.17567999999999998
7 0.5481360708534623 0.5200933333333333 0.03255233494363925 0.07965333333333334
6 0.526243961352657 0.48323999999999995 0.025016103059581362 0.08658666666666666
7 0.4890056360708535 0.5045999999999999 0.02868760064412238 0.08653333333333331
7 0.02108695652173913 0.5572133333333333 0.04217391304347826 0.17565333333333327
6 0.16475040257648954 0.5307200000000001 0.14853462157809985 0.29552
7 0.09269726247987117 0.5269066666666666 0.11077294685990337 0.1610666666666667
1 0.45414251207729467 0.4904266666666667 0.03461352657004832 0.07669333333333331