7 0.881316425120773 0.6549866666666667 0.23575684380032202 0.4187199999999999
8 0.7900644122383252 0.5649333333333334 0.036231884057971016 0.3017066666666667
6 0.7804468599033816 0.53924 0.12807568438003217 0.29255999999999993
6 0.0174194847020934 0.5225733333333332 0.0348389694041868 0.21757333333333334
6 0.049480676328502414 0.5121866666666667 0.09896135265700483 0.18165333333333333
6 0.08849838969404186 0.5257733333333334 0.09841384863123993 0.1316
2 0.38960950080515294 0.4724933333333333 0.05896135265700485 0.10839999999999994
1 0.17289452495974236 0.5007866666666667 0.07107085346215782 0.11463999999999995
1 0.2924235104669887 0.4714666666666667 0.12471819645732687 0.06288000000000003
1 0.6533615136876005 0.44902666666666663 0.10596618357487923 0.06632000000000002
1 0.5096135265700483 0.46370666666666666 0.11117552334943642 0.047360000000000055