7 0.7309903381642511 0.73616 0.2258132045088566 0.5223466666666666
7 0.08113929146537843 0.7507066666666666 0.16227858293075687 0.4932533333333333
7 0.12303542673107891 0.6654933333333334 0.24607085346215782 0.38064000000000003
7 0.1438808373590982 0.60936 0.22099838969404187 0.3597866666666667
7 0.20338969404186796 0.5997733333333333 0.17070853462157812 0.2134666666666667
7 0.28751610305958136 0.5816266666666667 0.1414251207729469 0.1766933333333334
7 0.3193115942028985 0.5658666666666666 0.1257085346215781 0.16576
7 0.3279830917874396 0.5525599999999999 0.0973027375201288 0.15711999999999995
7 0.3396618357487923 0.53476 0.11732689210950083 0.14216
7 0.36463365539452497 0.52744 0.0819243156199678 0.10704000000000004
7 0.38968599033816426 0.5038266666666666 0.07085346215780998 0.10919999999999996
0 0.4652576489533011 0.4986 0.006376811594202865 0.0545333333333333
7 0.5688808373590982 0.5593466666666667 0.05241545893719809 0.1382133333333333
7 0.6311634460547504 0.5217866666666667 0.09435587761674723 0.12789333333333336
7 0.5779066022544284 0.5037733333333334 0.05705314009661837 0.08472000000000003
7 0.5191183574879227 0.5053466666666666 0.020442834138486392 0.05170666666666663
1 0.4413848631239936 0.49130666666666667 0.027842190016103094 0.057706666666666705
1 0.4937278582930757 0.47835999999999995 0.026280193236714964 0.04562666666666663