7 0.5162640901771337 0.5880266666666667 0.06418679549114324 0.20234666666666665
7 0.6515177133655394 0.56164 0.11657809983896947 0.18877333333333332
7 0.5927697262479872 0.5369466666666667 0.06689210950080518 0.11101333333333332
7 0.5692109500805154 0.5269199999999999 0.0589694041867955 0.08178666666666672
7 0.051376811594202904 0.6725599999999999 0.10275362318840581 0.24602666666666656
7 0.36742753623188407 0.5509066666666667 0.05229468599033815 0.10767999999999998
7 0.43698872785829307 0.5209733333333334 0.028985507246376812 0.06829333333333329
7 0.47048711755233497 0.50768 0.020346215780998374 0.05082666666666667
7 0.28562399355877616 0.5656 0.06925120772946859 0.11216000000000001
7 0.32274154589371984 0.5397066666666667 0.047367149758454095 0.10762666666666662
7 0.37152979066022546 0.5254 0.03745571658615136 0.07112000000000004
7 0.42166264090177136 0.5192133333333333 0.03408212560386472 0.05069333333333338
7 0.1785708534621578 0.55748 0.07472624798711755 0.11384
7 0.17239533011272143 0.5376799999999999 0.0771256038647343 0.08261333333333339