8 0.5708537581699347 0.4782837837837838 0.01976307189542488 0.1537567567567567
8 0.2397017973856209 0.5239864864864865 0.02941993464052287 0.32435135135135135
8 0.9340767973856209 0.6728378378378378 0.1302124183006537 0.648918918918919
8 0.5245179738562091 0.5586351351351351 0.03748366013071895 0.33435135135135136
8 0.5704411764705882 0.5332027027027026 0.03864379084967316 0.3505135135135135
8 0.4950367647058823 0.5073648648648649 0.029011437908496723 0.2648918918918919
8 0.47134803921568635 0.5122837837837837 0.0305882352941176 0.2695945945945946
8 0.5278839869281046 0.5030135135135135 0.028888888888888808 0.23991891891891895
8 0.5649836601307189 0.5075675675675676 0.022418300653594722 0.22470270270270273
8 0.38369281045751635 0.5174054054054054 0.025767973856209166 0.2762702702702703
8 0.40618464052287584 0.518472972972973 0.022581699346405217 0.23024324324324325
8 0.42837826797385625 0.4982567567567568 0.024959150326797394 0.2558108108108108
8 0.4533169934640523 0.5231756756756757 0.019754901960784367 0.21289189189189192
8 0.4206004901960785 0.5000810810810811 0.0427859477124183 0.22891891891891888
6 0.10930147058823529 0.49864864864864866 0.21860294117647058 0.9972972972972973
1 0.34189542483660135 0.461972972972973 0.024705882352941185 0.17475675675675675
1 0.2814746732026144 0.4525 0.03824346405228758 0.11445945945945944
1 0.7947549019607842 0.3517027027027027 0.0950163398692811 0.04037837837837837