8 0.530249183006536 0.4663648648648649 0.014975490196078465 0.15418918918918922
8 0.2666380718954248 0.5273513513513514 0.02804738562091502 0.29924324324324325
8 0.35242238562091505 0.4656756756756757 0.01852124183006537 0.1694594594594595
8 0.6896691176470588 0.6903783783783783 0.14258986928104572 0.6138378378378379
8 0.8124346405228758 0.714 0.08986928104575173 0.5665945945945946
8 0.8938643790849673 0.6729864864864865 0.0988562091503268 0.6486216216216216
8 0.9588235294117646 0.6739054054054054 0.08071895424836598 0.6467837837837838
6 0.1090890522875817 0.49864864864864866 0.2181781045751634 0.9972972972972973
1 0.30699754901960785 0.4352702702702703 0.03512254901960785 0.1454594594594595
1 0.40178921568627446 0.4516351351351352 0.027826797385620917 0.14029729729729729
1 0.4510049019607843 0.44818918918918915 0.033562091503268006 0.11962162162162167
1 0.790326797385621 0.34051351351351355 0.031993464052287646 0.055891891891891914