7 0.9311356209150327 0.4529189189189189 0.13609477124183 0.17951351351351347
7 0.4255923202614379 0.5171486486486486 0.04015522875816992 0.09813513513513514
0 0.5837050653594771 0.4791351351351351 0.030302287581699373 0.09410810810810809
0 0.5329616013071896 0.49168918918918925 0.02799836601307188 0.09208108108108114
0 0.2995424836601307 0.530108108108108 0.02960784313725491 0.10972972972972972
7 0.7817606209150327 0.4317297297297297 0.06407679738562097 0.06610810810810813
1 0.37678513071895425 0.5007432432432433 0.034076797385620944 0.11099999999999999
1 0.4689787581699346 0.4861081081081082 0.0205392156862745 0.08172972972972968
1 0.5049142156862745 0.4602567567567568 0.014289215686274517 0.043810810810810834
1 0.6153267973856209 0.46455405405405403 0.015326797385620908 0.07310810810810806
1 0.7184517973856209 0.45681081081081076 0.05074346405228759 0.06794594594594598