8 0.027508051529790658 0.6337866666666667 0.055016103059581316 0.47546666666666665
0 0.6827254428341384 0.5704400000000001 0.05078099838969408 0.2941066666666666
8 0.6080676328502416 0.5200666666666666 0.01727858293075687 0.20925333333333332
8 0.7516988727858294 0.5436266666666667 0.02347826086956528 0.2260266666666667
8 0.2691867954911433 0.5296933333333333 0.02673107890499194 0.17997333333333335
6 0.4764090177133656 0.46632 0.04518518518518519 0.11786666666666663
1 0.020169082125603865 0.6413733333333334 0.04033816425120773 0.4717066666666666
1 0.05648550724637681 0.56892 0.025756843800322067 0.17501333333333333
1 0.11195652173913044 0.5551333333333334 0.04190016103059581 0.14050666666666667
1 0.24554347826086959 0.5439200000000001 0.018462157809983903 0.11808
1 0.17289049919484703 0.5214666666666667 0.028357487922705312 0.08357333333333335
1 0.3153381642512077 0.5257866666666667 0.043462157809983866 0.16810666666666665
1 0.36378019323671495 0.48439999999999994 0.03512882447665056 0.11290666666666667
1 0.4359138486312399 0.49732000000000004 0.01690016103059582 0.11117333333333333
1 0.8499758454106281 0.5818533333333333 0.09919484702093392 0.3457866666666666
1 0.7270571658615137 0.5292533333333334 0.01482286634460554 0.1991466666666667
1 0.6408574879227052 0.5309733333333334 0.028880837359098233 0.16466666666666666