7 0.47853344077356974 0.5199999999999999 0.036212731668009715 0.10898936170212763
7 0.03394842868654311 0.7634441489361702 0.06789685737308622 0.4677925531914893
6 0.08686946011281226 0.6204388297872341 0.1737389202256245 0.3492287234042553
2 0.2536663980660757 0.5744414893617021 0.1558904109589041 0.44542553191489365
6 0.3256204673650282 0.527061170212766 0.12036261079774371 0.33545212765957444
7 0.20982675261885575 0.5835771276595745 0.09578565672844479 0.15742021276595744
7 0.39536261079774376 0.5168218085106383 0.04635777598710715 0.11917553191489362
7 0.4175503626107978 0.5124734042553192 0.028299758259468174 0.06797872340425533
6 0.43253827558420627 0.47578457446808503 0.02609186140209508 0.09268617021276594
7 0.045451248992747786 0.6097340425531914 0.09090249798549557 0.21797872340425534
1 0.011317485898468977 0.8919281914893618 0.022634971796937953 0.20550531914893613