7 0.9135265700483091 0.6713333333333333 0.17133655394524955 0.5716266666666667
7 0.15266505636070854 0.7566 0.3053301127214171 0.4814666666666667
7 0.34454911433172297 0.6363466666666666 0.11610305958132044 0.2609066666666667
7 0.3916183574879227 0.58196 0.08111111111111112 0.18274666666666667
7 0.5989533011272142 0.5678799999999999 0.0669404186795491 0.20162666666666662
7 0.8743156199677939 0.5826666666666667 0.24975845410628023 0.32736
7 0.42506038647343003 0.5296533333333333 0.04390499194847023 0.12693333333333331
7 0.4314130434782609 0.5243733333333332 0.049380032206119195 0.09434666666666673
7 0.36571256038647343 0.48423999999999995 0.050700483091787416 0.05706666666666668
7 0.6128140096618357 0.53836 0.06622383252818036 0.14797333333333335
7 0.649110305958132 0.5103466666666666 0.0692995169082126 0.13157333333333335
7 0.766207729468599 0.4705599999999999 0.06578099838969408 0.07359999999999998
1 0.7174235104669887 0.43265333333333333 0.027842190016103094 0.043919999999999994