7 0.6170088566827697 0.5555866666666667 0.07272946859903386 0.16487999999999997
7 0.582854267310789 0.48464 0.04989533011272144 0.05589333333333336
8 0.4239694041867955 0.5046533333333334 0.005233494363929146 0.09575999999999998
0 0.6718719806763285 0.5172533333333333 0.04263285024154593 0.11162666666666671
7 0.7142874396135266 0.4770533333333334 0.05250402576489536 0.06349333333333335
6 0.9580193236714977 0.46038666666666667 0.06951690821256032 0.07965333333333334
7 0.3140257648953301 0.5088533333333333 0.04587761674718198 0.05930666666666669
7 0.4917270531400966 0.4869333333333334 0.016352657004830875 0.037066666666666685
7 0.4653703703703704 0.48719999999999997 0.018985507246376754 0.037866666666666715
1 0.07225442834138486 0.5292533333333334 0.14450885668276972 0.10255999999999994
1 0.5200322061191627 0.45852 0.05492753623188408 0.06114666666666668