7 0.32644122383252816 0.6007733333333333 0.09904991948470208 0.2005333333333333
7 0.8544847020933978 0.74152 0.2894202898550725 0.5116266666666667
7 0.7001207729468598 0.6419600000000001 0.14442834138486313 0.3003466666666667
7 0.3743438003220612 0.5614933333333333 0.06834943639291464 0.13941333333333333
7 0.6309943639291465 0.5751999999999999 0.08300322061191628 0.19034666666666666
7 0.3998631239935588 0.5446933333333334 0.05439613526570044 0.10783999999999999
7 0.5980193236714976 0.5493466666666666 0.06281803542673106 0.14466666666666667
7 0.4447463768115942 0.5112933333333334 0.02751207729468605 0.06759999999999998
1 0.5257568438003221 0.4809466666666667 0.03721417069243158 0.050799999999999956
1 0.5577898550724637 0.5275333333333333 0.01690016103059582 0.11981333333333327
1 0.463780193236715 0.5042266666666666 0.005966183574879293 0.04909333333333332