7 0.8821054750402577 0.7522933333333334 0.2341787439613527 0.49008
7 0.2903462157809984 0.6568266666666667 0.15512077294685991 0.33279999999999993
7 0.7116586151368761 0.64068 0.17180354267310788 0.3306933333333333
7 0.37733896940418676 0.5565866666666667 0.08326086956521742 0.21269333333333332
7 0.44712560386473427 0.5294533333333333 0.05943639291465382 0.1371466666666666
7 0.6288003220611916 0.5547866666666668 0.06871175523349439 0.1870133333333334
7 0.6139251207729468 0.5463866666666667 0.043534621578099786 0.13581333333333334
7 0.5464613526570048 0.50648 0.05047504025764891 0.08986666666666664
5 0.6667471819645733 0.42048 0.03702093397745573 0.10288000000000003
1 0.13006441223832527 0.75616 0.26012882447665053 0.47701333333333334
1 0.6231561996779388 0.43349333333333334 0.038260869565217376 0.028373333333333296
1 0.7439855072463768 0.4300533333333333 0.06742351046698873 0.052533333333333376