7 0.49510466988727864 0.5461199999999999 0.045362318840579736 0.12183999999999999
7 0.10706924315619967 0.6875333333333333 0.21413848631239935 0.6196
7 0.28668679549114334 0.6026666666666667 0.1413123993558776 0.23205333333333328
7 0.33863123993558775 0.56068 0.12177133655394526 0.2251466666666667
7 0.3794444444444444 0.5552533333333334 0.09418679549114334 0.12410666666666673
7 0.3876892109500805 0.5416799999999999 0.08378421900161026 0.11269333333333331
7 0.40633252818035426 0.5244266666666667 0.059814814814814786 0.08080000000000002
7 0.42135265700483093 0.5134933333333334 0.052560386473429976 0.07317333333333333
6 0.5988929146537842 0.53176 0.09366344605475044 0.26202666666666663
7 0.5386795491143317 0.5141866666666667 0.024122383252818066 0.06421333333333337
7 0.4883574879227053 0.51908 0.028647342995169117 0.08439999999999993
6 0.2763607085346216 0.5097066666666666 0.07789049919484703 0.18458666666666668
7 0.21049919484702093 0.5273733333333332 0.06658615136876007 0.11357333333333335
1 0.46274154589371974 0.49990666666666667 0.01638486312399358 0.05080000000000003