7 0.13166258169934641 0.7644459459459461 0.26332516339869283 0.4657027027027027
8 0.6881290849673203 0.5775405405405405 0.05852941176470587 0.36664864864864855
8 0.4122794117647059 0.6117567567567568 0.058251633986928064 0.38454054054054054
8 0.41302696078431367 0.6143378378378379 0.05343954248366015 0.42808108108108106
0 0.8166584967320261 0.48628378378378384 0.028676470588235314 0.1814864864864865
8 0.09113562091503266 0.606472972972973 0.03405228758169934 0.2695945945945945
8 0.08269607843137255 0.6252702702702703 0.03148692810457516 0.266054054054054
0 0.4752736928104575 0.5805270270270271 0.09659313725490197 0.3070540540540541
7 0.38132352941176473 0.487027027027027 0.027222222222222217 0.0653513513513513
1 0.542671568627451 0.44474324324324327 0.03563725490196079 0.043810810810810834
1 0.6215767973856209 0.44647297297297295 0.011160130718954222 0.08516216216216214
1 0.9748651960784315 0.4455945945945946 0.04695261437908499 0.10756756756756759