7 0.5275402576489533 0.6551733333333333 0.12272946859903378 0.38373333333333326
7 0.8818719806763285 0.7212 0.2346457326892109 0.5522666666666667
7 0.6152012882447665 0.51932 0.0926570048309179 0.13698666666666667
7 0.5765016103059581 0.50544 0.0551610305958132 0.08943999999999998
7 0.5603462157809984 0.49665333333333334 0.051320450885668285 0.06834666666666665
7 0.031344605475040255 0.637 0.06268921095008051 0.27368
7 0.484549114331723 0.47964 0.017294685990338086 0.03725333333333333
7 0.15233091787439612 0.5979466666666667 0.12704508856682767 0.17040000000000002
7 0.3234460547504026 0.52564 0.054074074074074094 0.08808
7 0.35030998389694046 0.50824 0.03772141706924313 0.09087999999999996
7 0.38935185185185184 0.49892 0.03321256038647343 0.06173333333333327
7 0.4306239935587762 0.49078666666666665 0.030619967793880817 0.044826666666666674
7 0.2359460547504026 0.5212666666666667 0.05846215780998391 0.09064000000000003
7 0.22470611916264088 0.50716 0.061779388083735905 0.06760000000000006