7 0.17798711755233496 0.6048666666666667 0.17172302737520126 0.2071733333333334
7 0.2537359098228663 0.5763466666666667 0.12241545893719809 0.1488533333333333
0 0.9779750402576489 0.5298666666666666 0.04243961352657008 0.31285333333333337
0 0.9465861513687599 0.5164666666666667 0.04734299516908209 0.22888000000000003
7 0.7630193236714976 0.4615466666666666 0.03914653784219002 0.07002666666666672
1 0.488256843800322 0.48956 0.01638486312399358 0.05080000000000003
1 0.410390499194847 0.4921466666666667 0.03148953301127215 0.03527999999999997
1 0.44893719806763277 0.47834666666666664 0.018985507246376845 0.028373333333333296
1 0.4741908212560386 0.47664 0.009090177133655456 0.02149333333333334
1 0.5783615136876007 0.4507733333333333 0.022632850241545904 0.02149333333333334
1 0.6413848631239936 0.4499066666666666 0.061175523349436406 0.01975999999999999
1 0.6921658615136876 0.4481866666666666 0.012737520128824517 0.02666666666666667
1 0.7353945249597423 0.4533333333333333 0.006489533011272097 0.03354666666666663
1 0.8442793880837357 0.4352266666666667 0.01690016103059582 0.04218666666666665
1 0.8908333333333333 0.4257466666666666 0.01950885668276974 0.043919999999999994