7 0.13368357487922705 0.6966533333333333 0.2673671497584541 0.60136
7 0.357085346215781 0.5882533333333334 0.12219001610305957 0.2707466666666667
7 0.7946779388083736 0.7266666666666667 0.2741867954911433 0.5413333333333333
7 0.672975040257649 0.6171733333333334 0.10071658615136879 0.2725333333333334
7 0.5261835748792271 0.53412 0.07151368760064407 0.13453333333333337
6 0.8474194847020935 0.4623999999999999 0.08234299516908221 0.15077333333333331
6 0.7821537842190016 0.46836 0.07090982286634465 0.13234666666666667
5 0.6638285024154589 0.4242133333333333 0.036352657004830896 0.10890666666666668
1 0.5955515297906602 0.47318666666666664 0.06533816425120771 0.11117333333333333
1 0.27471417069243154 0.5033733333333333 0.009090177133655366 0.043919999999999994
1 0.7281038647342996 0.43090666666666666 0.03044283413848636 0.03354666666666663