7 0.4954710144927536 0.5266666666666666 0.038333333333333254 0.12010666666666672
7 0.8908373590982287 0.7436533333333334 0.2167149758454106 0.5073599999999999
7 0.3596497584541063 0.5379466666666667 0.04567632850241547 0.09056000000000002
7 0.6459782608695652 0.5500666666666667 0.1297181964573269 0.19282666666666667
7 0.5911714975845411 0.5300533333333333 0.09303542673107887 0.12629333333333329
6 0.5548993558776167 0.4924266666666667 0.0649033816425121 0.10122666666666662
7 0.34326892109500806 0.5119066666666666 0.03842190016103057 0.07773333333333335
7 0.3631119162640902 0.4997733333333333 0.030378421900161046 0.06514666666666669
7 0.4070410628019323 0.4949066666666666 0.020136876006441172 0.03973333333333335
7 0.31909822866344606 0.5032800000000001 0.02405797101449275 0.056799999999999955
7 0.13941626409017713 0.51076 0.03144122383252819 0.06418666666666664
1 0.4395652173913044 0.4636933333333333 0.03669887278582934 0.0853066666666667