7 0.1376086956521739 0.7641866666666667 0.2752173913043478 0.4662933333333334
7 0.8537117552334943 0.7447866666666667 0.29096618357487924 0.5050933333333333
6 0.26831723027375204 0.6184133333333334 0.19067632850241548 0.48536000000000007
7 0.7022383252818036 0.6820533333333334 0.203365539452496 0.38773333333333343
7 0.6276972624798711 0.5807733333333334 0.07156199677938808 0.1988800000000001
6 0.13622383252818038 0.5031733333333334 0.248341384863124 0.29103999999999997
7 0.6415780998389694 0.5298 0.07447665056360708 0.17863999999999994
6 0.5044887278582931 0.4837066666666666 0.028542673107890444 0.09962666666666663
6 0.7051811594202899 0.46752 0.12332528180354264 0.15429333333333337
7 0.40474637681159426 0.50892 0.032439613526570064 0.0746933333333333
7 0.36107487922705317 0.4951466666666667 0.0405233494363929 0.10213333333333337
1 0.46143317230273745 0.4809333333333333 0.025233494363929174 0.05770666666666663
1 0.5343478260869565 0.44128000000000006 0.05231884057971016 0.12325333333333333