7 0.4993357487922705 0.6134933333333333 0.09298711755233495 0.29103999999999997
7 0.9399074074074074 0.7154933333333333 0.11857487922705312 0.56368
7 0.8371215780998389 0.70616 0.22785024154589373 0.4668266666666666
6 0.41421497584541056 0.4985866666666667 0.032326892109500786 0.08410666666666672
8 0.6519001610305958 0.5185333333333333 0.020933977455716585 0.15408
8 0.7583373590982286 0.5084666666666667 0.013421900161030655 0.11037333333333338
8 0.8406038647342995 0.5027333333333334 0.012077294685990338 0.14621333333333328
8 0.8067149758454106 0.49634666666666666 0.007246376811594203 0.09802666666666664
7 0.08076892109500805 0.5467466666666666 0.07701288244766503 0.08458666666666666
1 0.37940418679549115 0.50252 0.02367149758454109 0.04909333333333332
1 0.4437278582930756 0.4792266666666667 0.008566827697262469 0.02319999999999997