7 0.6104190169218372 0.6079521276595744 0.09141015310233687 0.21202127659574468
7 0.08834004834810637 0.6348404255319149 0.17668009669621274 0.30968085106382987
7 0.2794480257856567 0.6607978723404255 0.16081385979049154 0.31952127659574464
7 0.38294520547945204 0.5557446808510638 0.06255439161966152 0.15255319148936167
7 0.5476470588235295 0.5349601063829788 0.043819500402900884 0.10720744680851065
7 0.4093996776792909 0.5382712765957447 0.043247381144238484 0.1040957446808511
7 0.331696212731668 0.5346808510638298 0.048033843674456095 0.09420212765957443
7 0.3690491539081386 0.5230718085106383 0.033456889605157115 0.07124999999999998
7 0.4360435132957293 0.5125531914893617 0.02125705076551168 0.052659574468085134
7 0.48234085414987915 0.5084973404255319 0.019750201450443185 0.06119680851063827
7 0.5137832393231265 0.5065159574468084 0.017381144238517273 0.05106382978723409
7 0.5047381144238517 0.5027925531914894 0.015020145044319179 0.04441489361702132
6 0.21408541498791298 0.4797606382978723 0.05735697018533439 0.10063829787234044
1 0.46482272360999194 0.4810106382978724 0.03409347300564057 0.07813829787234049