7 0.503840579710145 0.5629066666666667 0.05301127214170695 0.16613333333333336
7 0.9670692431561996 0.7100533333333333 0.06425120772946856 0.5745600000000001
7 0.663401771336554 0.5823200000000001 0.11735104669887278 0.21871999999999994
7 0.6043599033816425 0.5439733333333333 0.09298711755233495 0.13573333333333334
7 0.06876811594202899 0.75336 0.13753623188405797 0.47424
7 0.33976650563607086 0.5568799999999999 0.07257648953301127 0.14042666666666664
7 0.08171900161030596 0.63468 0.16343800322061192 0.2352266666666667
7 0.2002012882447665 0.57136 0.09710144927536231 0.18266666666666667
7 0.4275603864734299 0.51776 0.03782608695652171 0.06997333333333336
7 0.48877214170692435 0.48974666666666666 0.020716586151368684 0.05266666666666667
7 0.30943236714975847 0.5371466666666667 0.06287439613526573 0.10346666666666669
7 0.3877697262479871 0.5208533333333333 0.04462157809983898 0.06640000000000001
7 0.01716183574879227 0.5507466666666667 0.03432367149758454 0.11968
7 0.5307045088566827 0.4940933333333334 0.020925925925925935 0.04792
7 0.2235668276972625 0.5382 0.07557165861513689 0.10077333333333331