7 0.6207085346215782 0.49848000000000003 0.10703703703703699 0.12666666666666668
7 0.9292190016103061 0.43191999999999997 0.10800322061191635 0.10176000000000007
7 0.967878421900161 0.4306133333333334 0.06263285024154587 0.11840000000000002
7 0.9909460547504026 0.43993333333333334 0.01649758454106281 0.12770666666666664
7 0.815817230273752 0.4354666666666667 0.07182769726247981 0.07413333333333329
7 0.8015942028985508 0.4378533333333333 0.06980676328502419 0.07010666666666665
7 0.42459742351046703 0.5139333333333334 0.032254428341384866 0.0862133333333333
7 0.4766425120772947 0.48797333333333337 0.022028985507246388 0.05530666666666669
7 0.7096457326892109 0.4388533333333333 0.03191626409017721 0.06581333333333335
7 0.7363164251207729 0.43964000000000003 0.035144927536231954 0.060293333333333296
7 0.5406159420289854 0.4792266666666667 0.02379227053140102 0.05466666666666667
1 0.4523188405797101 0.49993333333333334 0.02054750402576488 0.07496000000000004
1 0.5127375201288245 0.48697333333333337 0.0267954911433173 0.04562666666666663