7 0.10111916264090177 0.7693333333333333 0.20223832528180355 0.39968
7 0.48085748792270533 0.5647733333333333 0.05174718196457325 0.11978666666666664
7 0.6673550724637681 0.52212 0.09963768115942029 0.14040000000000002
7 0.4661231884057971 0.5503999999999999 0.03793075684380033 0.10309333333333333
7 0.32763687600644126 0.5509333333333333 0.035048309178743936 0.08496000000000004
7 0.6067874396135265 0.52568 0.08682769726247981 0.09578666666666671
7 0.44619162640901777 0.51916 0.019066022544283374 0.060933333333333395
7 0.635450885668277 0.7013866666666666 0.17790660225442836 0.3426133333333333
1 0.9019565217391304 0.70268 0.1928019323671498 0.5839733333333333
1 0.38382850241545896 0.5326933333333334 0.07107085346215784 0.08874666666666667
1 0.17758454106280194 0.5430533333333333 0.05648953301127214 0.043919999999999994