7 0.8700885668276973 0.7582133333333333 0.25821256038647344 0.47824
7 0.7968639291465378 0.6419333333333334 0.17044283413848627 0.49266666666666675
6 0.4649718196457327 0.50788 0.04110305958132041 0.14776
6 0.7624677938808374 0.4679333333333333 0.18719001610305958 0.234
7 0.3187157809983897 0.5363733333333333 0.05839774557165864 0.11258666666666667
7 0.25105475040257647 0.51756 0.07212560386473434 0.15464000000000003
7 0.40321256038647346 0.49590666666666666 0.03164251207729474 0.08466666666666667
7 0.5947141706924316 0.5044933333333333 0.057914653784219054 0.10728000000000004
6 0.5178623188405796 0.44722666666666666 0.027753623188405727 0.09834666666666665
7 0.6365016103059581 0.50348 0.06036231884057973 0.11394666666666664
6 0.945901771336554 0.45097333333333334 0.10658615136876015 0.17751999999999998
5 0.48289452495974233 0.43304 0.02917069243156201 0.1378133333333333
2 0.18868357487922707 0.5689066666666666 0.11374396135265702 0.08592
7 0.13505636070853463 0.55016 0.09186795491143317 0.11861333333333338
7 0.039810789049919484 0.55756 0.07962157809983897 0.10776
2 0.07960547504025765 0.5516933333333333 0.069597423510467 0.10162666666666663
2 0.05276570048309179 0.5080533333333334 0.04348631239935588 0.10501333333333332