8 0.4778473344103393 0.5571791443850267 0.02558158319870756 0.23467914438502677
8 0.5391801292407108 0.5411497326203208 0.03042810985460426 0.2438502673796792
8 0.27094507269789986 0.5493449197860963 0.024232633279483037 0.21323529411764705
8 0.5105936995153474 0.5598930481283423 0.024773828756058217 0.23818181818181813
8 0.6468739903069466 0.6410294117647058 0.08534733441033923 0.5164438502673797
8 0.9684733441033926 0.5917513368983958 0.06058158319870759 0.4679411764705882
8 0.5790226171243942 0.5468048128342246 0.023424878836833602 0.2635561497326203
8 0.7297617124394183 0.6253342245989305 0.05950726978998381 0.41521390374331546
7 0.37382067851373185 0.5704278074866309 0.12584814216478196 0.29877005347593577
7 0.342092084006462 0.5132085561497326 0.08163166397415186 0.21796791443850264
6 0.3742689822294023 0.4994919786096257 0.0501373182552504 0.16016042780748657