8 0.33142512077294684 0.6147066666666666 0.03526570048309175 0.2831733333333334
8 0.059875201288244764 0.70688 0.11975040257648953 0.5809066666666667
8 0.07606280193236716 0.7101200000000001 0.10895330112721416 0.5744266666666666
8 0.7631441223832529 0.6186533333333334 0.05862318840579715 0.47634666666666664
8 0.820708534621578 0.6208133333333333 0.07362318840579705 0.4521333333333333
8 0.2592954911433172 0.7051466666666667 0.0673027375201288 0.5098133333333332
1 0.04881642512077295 0.7207866666666667 0.0976328502415459 0.54776
1 0.3659903381642512 0.5387466666666667 0.011690821256038634 0.13189333333333328
1 0.38201288244766507 0.5012266666666666 0.010917874396135268 0.08789333333333335
1 0.4163808373590982 0.5064 0.012471819645732697 0.06719999999999997
1 0.4866988727858293 0.5167333333333334 0.01247987117552335 0.12413333333333336
1 0.4988003220611916 0.4960533333333333 0.007004830917874433 0.062026666666666716