7 0.4958219178082192 0.5583643617021277 0.06290894439967772 0.18912234042553194
7 0.09376712328767123 0.7422872340425533 0.18753424657534246 0.5101063829787235
7 0.17637792103142627 0.6019281914893617 0.1378162771958098 0.2014627659574468
7 0.3115431103948429 0.605252659574468 0.11460918614020953 0.24178191489361694
7 0.384016921837228 0.5420079787234042 0.04974214343271557 0.10970744680851063
7 0.4133199033037873 0.5204920212765958 0.03771152296535058 0.08593085106382979
2 0.4298146655922643 0.4594148936170213 0.04654311039484286 0.1605851063829787
2 0.45343271555197423 0.4582579787234043 0.020870265914584993 0.0961436170212766
7 0.17519339242546333 0.560625 0.10329572925060435 0.13816489361702133
7 0.24075342465753422 0.5378856382978724 0.06145850120870269 0.10194148936170208
6 0.346071716357776 0.49722074468085103 0.03285253827558424 0.0760372340425532
7 0.5212570507655117 0.49851063829787234 0.015987107171635713 0.03973404255319148
1 0.5558299758259468 0.4973271276595745 0.010128928283642265 0.03343085106382977