7 0.07852657004830918 0.8518266666666666 0.15705314009661836 0.29101333333333335
7 0.8639130434782609 0.7597466666666666 0.2705636070853462 0.47517333333333334
7 0.8862801932367149 0.5915466666666667 0.22582930756843803 0.27413333333333334
7 0.34841384863124 0.5888533333333333 0.09484702093397747 0.20832
7 0.6107085346215781 0.5836533333333334 0.08637681159420288 0.20789333333333343
6 0.3808132045088567 0.52904 0.07243156199677941 0.21247999999999995
7 0.5778864734299517 0.5510933333333334 0.07010466988727854 0.15658666666666665
6 0.2599194847020934 0.48832000000000003 0.15154589371980676 0.18325333333333332
6 0.499609500805153 0.47814666666666666 0.021521739130434796 0.07816000000000001
6 0.6504830917874397 0.45812 0.09209339774557165 0.11752000000000005
1 0.4616988727858294 0.4714533333333334 0.014041867954911386 0.04909333333333332
1 0.5370893719806764 0.44687999999999994 0.01638486312399358 0.05685333333333339