7 0.09570450885668276 0.6992933333333333 0.1657890499194847 0.31304000000000004
7 0.417121578099839 0.5464666666666667 0.046030595813204477 0.10637333333333338
7 0.5833333333333334 0.5039066666666667 0.08571658615136879 0.12264000000000003
7 0.40293478260869564 0.5322133333333333 0.03730273752012886 0.09402666666666672
7 0.2652898550724638 0.5385066666666667 0.03371980676328502 0.08138666666666662
7 0.5323631239935587 0.50968 0.07791465378421908 0.08629333333333337
7 0.38189210950080515 0.50416 0.018083735909822894 0.058666666666666666
6 0.8087721417069244 0.6298266666666666 0.3808454106280193 0.7350133333333333
7 0.5376368760064413 0.6368 0.1300724637681159 0.25013333333333326
1 0.29177536231884055 0.5232133333333333 0.01794685990338161 0.05426666666666665
1 0.324975845410628 0.5064 0.024975845410628004 0.04133333333333333
1 0.34687600644122385 0.4940533333333333 0.01494363929146538 0.02506666666666668