7 0.8906803542673107 0.7636133333333334 0.21702898550724634 0.46743999999999997
7 0.09131642512077295 0.7933066666666667 0.1826328502415459 0.4080533333333334
7 0.6578582930756843 0.65104 0.18439613526570056 0.42890666666666666
7 0.1916143317230274 0.6961066666666665 0.19280998389694043 0.34319999999999995
7 0.522475845410628 0.5653866666666667 0.06150563607085345 0.14816000000000001
7 0.34647342995169084 0.5636666666666666 0.04961352657004831 0.11064000000000003
7 0.48705314009661843 0.5379866666666667 0.03405797101449281 0.09618666666666664
7 0.3788647342995169 0.5234800000000001 0.02735909822866346 0.06621333333333336
7 0.468647342995169 0.51564 0.02455716586151369 0.06850666666666666
0 0.09473832528180355 0.7459866666666667 0.1894766505636071 0.5026933333333333
1 0.4308373590982287 0.49864 0.0398228663446055 0.04650666666666666
1 0.39997584541062803 0.5050933333333333 0.015603864734299514 0.03354666666666663