7 0.06349033816425122 0.79536 0.12698067632850243 0.4039466666666666
7 0.1740217391304348 0.6987599999999999 0.19107085346215782 0.3151733333333333
7 0.2736634460547504 0.6244133333333333 0.1020450885668277 0.20392
7 0.33054347826086955 0.5845866666666667 0.07192431561996779 0.14154666666666663
7 0.7857206119162641 0.48118666666666665 0.155450885668277 0.18775999999999998
7 0.7451247987117552 0.47013333333333335 0.10021739130434776 0.1702933333333333
7 0.7123631239935587 0.47884 0.10380837359098234 0.14909333333333333
7 0.9778582930756844 0.3995066666666667 0.0426731078904992 0.12466666666666666
7 0.672938808373591 0.48210666666666674 0.09528180354267313 0.12405333333333336
7 0.3747504025764895 0.5532933333333334 0.05051529790660226 0.1035466666666667
7 0.5691505636070854 0.53124 0.05327697262479877 0.12978666666666672
7 0.5539694041867955 0.5196133333333333 0.03983896940418681 0.11085333333333332
1 0.42576086956521736 0.5154533333333334 0.04060386473429952 0.06978666666666664
1 0.48826086956521736 0.48181333333333337 0.01872785829307568 0.038720000000000025
1 0.524975845410628 0.5051066666666667 0.029661835748792297 0.06978666666666664