7 0.03892512077294686 0.6897333333333333 0.07785024154589372 0.6152
7 0.10112721417069243 0.6998533333333333 0.20225442834138485 0.43496
7 0.13553945249597424 0.6273866666666666 0.2710789049919485 0.34666666666666657
7 0.2820933977455717 0.55164 0.1487278582930757 0.1764533333333333
7 0.3315539452495974 0.52744 0.10877616747181962 0.16650666666666666
7 0.5777455716586151 0.5721066666666668 0.06526570048309184 0.16021333333333337
7 0.7518196457326892 0.75284 0.25537842190016097 0.4889866666666667
7 0.5452818035426731 0.5280666666666667 0.039694041867954874 0.11250666666666666
7 0.36942834138486313 0.5286266666666667 0.0873913043478261 0.10557333333333334
1 0.4448993558776167 0.487 0.0663848631239936 0.059440000000000055
1 0.5128663446054751 0.49734666666666666 0.03669887278582925 0.07496000000000004
1 0.4866948470209339 0.47534666666666664 0.007785829307568405 0.020613333333333383