7 0.04744766505636071 0.76888 0.09489533011272142 0.4569066666666667
0 0.30171900161030596 0.63216 0.07050724637681159 0.34608
0 0.3458695652173913 0.6270666666666667 0.053317230273752035 0.3109866666666666
7 0.32689210950080516 0.58464 0.08710144927536227 0.1645333333333334
0 0.40948470209339777 0.5358933333333333 0.02053140096618362 0.13989333333333334
7 0.41183574879227053 0.5250666666666666 0.040177133655394555 0.07573333333333335
7 0.527902576489533 0.50572 0.02762479871175519 0.07511999999999996
7 0.9548268921095008 0.70416 0.08873590982286637 0.5863466666666667
1 0.5777093397745572 0.48828000000000005 0.01482286634460554 0.12930666666666663
1 0.5054428341384863 0.47403999999999996 0.01872785829307568 0.043919999999999994
1 0.5527093397745572 0.46497333333333335 0.011698872785829286 0.03095999999999996