8 0.20721728594507272 0.7100401069518717 0.15327140549273024 0.574572192513369
8 0.257548465266559 0.7268048128342246 0.06924878836833599 0.5410427807486631
8 0.1328513731825525 0.7286363636363636 0.06096930533117932 0.537379679144385
8 0.11909127625201939 0.6920721925133689 0.057714054927302104 0.4398663101604277
8 0.3271203554119548 0.6529411764705882 0.05254442649434573 0.44582887700534757
8 0.1467447495961228 0.7116844919786097 0.04896607431340871 0.4556684491978609
8 0.2802907915993538 0.6591978609625669 0.06268174474959615 0.42422459893048126
7 0.309983844911147 0.609024064171123 0.1172536348949919 0.26473262032085554
0 0.3995355411954766 0.5325802139037433 0.02584006462035542 0.18852941176470586
8 0.5507229402261712 0.5078342245989305 0.01978190630048466 0.16625668449197864
8 0.4405775444264943 0.5141176470588236 0.01078352180936997 0.12229946524064174
8 0.44934168012924075 0.5093983957219251 0.012867528271405452 0.12767379679144386
1 0.04528675282714055 0.5749064171122994 0.02184975767366721 0.16799465240641714