7 0.8561030595813204 0.7504 0.2861835748792271 0.4938666666666666
7 0.15597423510466987 0.7400399999999999 0.31194847020933975 0.5145866666666666
7 0.3224275362318841 0.6316533333333334 0.12564412238325282 0.28032
7 0.6839170692431562 0.6172666666666666 0.14013687600644129 0.2802933333333333
7 0.3904830917874396 0.5520533333333333 0.07352657004830918 0.19258666666666666
7 0.4537318840579711 0.5298 0.05585346215780999 0.12775999999999998
7 0.6197101449275363 0.5508799999999999 0.060499194847020925 0.17018666666666674
7 0.5467028985507246 0.5064 0.0490579710144928 0.08559999999999998
5 0.6646819645732689 0.4238533333333333 0.03741545893719809 0.102
1 0.6070048309178745 0.45981333333333335 0.06872785829307569 0.06719999999999997
1 0.7456803542673108 0.4442933333333334 0.0710708534621578 0.08789333333333335