7 0.044384057971014496 0.76424 0.08876811594202899 0.46618666666666664
7 0.4013929146537842 0.5623066666666667 0.05495974235104669 0.11581333333333335
7 0.16033816425120775 0.6938933333333333 0.19045088566827698 0.33103999999999995
7 0.31307165861513686 0.5901333333333334 0.0714573268921095 0.14032
7 0.5188929146537842 0.5175333333333333 0.024500805152979026 0.07090666666666667
7 0.6112640901771337 0.4944666666666667 0.07782608695652171 0.07991999999999999
7 0.6016666666666667 0.4824666666666667 0.06716586151368766 0.09474666666666667
6 0.7584742351046699 0.44436 0.07314814814814817 0.08824000000000001
1 0.6816143317230274 0.45852 0.07575684380032209 0.04909333333333332
1 0.9616586151368761 0.47405333333333327 0.07339774557165868 0.12672000000000003
1 0.47262882447665056 0.49474666666666667 0.00934782608695644 0.02319999999999997
1 0.54841384863124 0.47922666666666663 0.02809983896940426 0.038720000000000025
1 0.4390418679549114 0.5025066666666667 0.026537842190016134 0.03354666666666663