7 0.8347101449275363 0.7318 0.32896940418679554 0.5310666666666667
7 0.07199275362318841 0.7422933333333334 0.14398550724637682 0.51008
7 0.08981884057971015 0.6589066666666666 0.1796376811594203 0.4917333333333334
7 0.13129227053140097 0.6385866666666666 0.22596618357487921 0.27519999999999994
7 0.24314412238325284 0.60848 0.1760144927536232 0.2170133333333333
7 0.2898188405797102 0.5844266666666668 0.15139291465378424 0.19765333333333343
7 0.3044243156199678 0.5698666666666666 0.1143075684380032 0.18266666666666667
7 0.3203180354267311 0.5498799999999999 0.13519323671497588 0.16274666666666668
7 0.35042270531400965 0.5340933333333333 0.09245571658615136 0.11981333333333336
7 0.384158615136876 0.5008933333333333 0.07709339774557165 0.11848000000000002
0 0.46395330112721417 0.5005466666666666 0.006956521739130424 0.058799999999999956
7 0.5841304347826087 0.5731200000000001 0.06339774557165863 0.16293333333333332
7 0.6517753623188406 0.5326533333333333 0.10783413848631244 0.14445333333333338
7 0.5861473429951691 0.5001866666666667 0.0616666666666666 0.09119999999999998
7 0.5225161030595813 0.5004133333333334 0.021811594202898577 0.05469333333333331
1 0.487475845410628 0.46886666666666665 0.007785829307568405 0.020613333333333306
1 0.43473832528180356 0.49216 0.025756843800322067 0.06719999999999997
1 0.44958132045088567 0.48052 0.011690821256038634 0.03874666666666667
1 0.5042713365539453 0.46888 0.014822866344605449 0.036160000000000005