7 0.4956400966183575 0.5275466666666667 0.03404991948470206 0.10666666666666667
7 0.07328502415458937 0.6259333333333332 0.14657004830917875 0.22162666666666664
7 0.18179549114331725 0.5741066666666667 0.11628019323671497 0.17119999999999996
7 0.655 0.5635333333333333 0.11893719806763287 0.2046133333333333
7 0.6352979066022544 0.5499466666666667 0.11046698872785823 0.16469333333333339
7 0.5975281803542674 0.5423866666666666 0.09426731078904986 0.13111999999999996
7 0.5814452495974235 0.5303866666666667 0.08042673107890498 0.12584
7 0.5772946859903382 0.5192533333333335 0.07428341384863123 0.10192
7 0.5656239935587761 0.5142266666666667 0.06688405797101445 0.09880000000000003
7 0.4415821256038647 0.4990266666666666 0.01421095008051528 0.035919999999999994
6 0.5278301127214171 0.4860666666666666 0.035032206119162725 0.05138666666666669
7 0.41212157809983896 0.49690666666666666 0.017657004830917925 0.04234666666666666
1 0.7550563607085345 0.47405333333333327 0.03669887278582934 0.062026666666666716
1 0.39020933977455713 0.49473333333333336 0.011690821256038634 0.030960000000000036
1 0.46052334943639295 0.4882666666666666 0.008566827697262469 0.03354666666666663