7 0.47825946817083 0.5124202127659575 0.027767929089444025 0.083563829787234
7 0.04204673650282031 0.6598670212765958 0.08409347300564061 0.3566489361702128
2 0.06372683319903304 0.8557579787234042 0.12745366639806607 0.28316489361702135
7 0.17778001611603544 0.7489760638297872 0.26142626913779204 0.4577393617021277
7 0.20024979854955682 0.597247340425532 0.1154713940370669 0.16401595744680847
7 0.3534448025785657 0.5744015957446809 0.07386784850926668 0.15853723404255324
7 0.3077518130539887 0.5363164893617022 0.056776792908944385 0.1201329787234043
7 0.39050765511684127 0.537752659574468 0.04557614826752619 0.10146276595744683
7 0.415624496373892 0.5262234042553192 0.03068493150684935 0.07164893617021284
2 0.4356406124093473 0.4920877659574468 0.022304593070104805 0.0816223404255319
7 0.03914987912973408 0.6111037234042552 0.07829975825946817 0.2067287234042553
6 0.196361804995971 0.531781914893617 0.09419016921837227 0.16617021276595742