6 0.5518236714975846 0.5619200000000001 0.07781803542673116 0.2810666666666667
7 0.30148148148148146 0.6073733333333333 0.12457326892109503 0.20573333333333327
7 0.20324879227053141 0.5788933333333333 0.14938003220611917 0.2609866666666666
7 0.46539855072463765 0.5294533333333333 0.0548067632850241 0.1320266666666667
7 0.8009943639291466 0.5731733333333333 0.13641706924315616 0.21258666666666667
7 0.5982286634460547 0.49068 0.03542673107890499 0.10610666666666664
6 0.639867149758454 0.4566266666666667 0.04234299516908215 0.1322933333333333
7 0.885390499194847 0.54728 0.15404991948470204 0.22768
7 0.9534138486312398 0.5659466666666666 0.0915619967793881 0.19168
5 0.5918236714975846 0.43429333333333336 0.040942028985507264 0.18656000000000003
2 0.10897342995169082 0.6477466666666667 0.21794685990338164 0.16050666666666666
7 0.06538244766505635 0.6116133333333333 0.1307648953301127 0.19634666666666672
2 0.012137681159420289 0.6138 0.024275362318840577 0.14274666666666666
2 0.0433695652173913 0.5464666666666667 0.05938003220611916 0.13095999999999997