7 0.4786744560838034 0.5140425531914894 0.027437550362610762 0.08255319148936176
7 0.0839242546333602 0.6515691489361702 0.1678485092667204 0.3367021276595745
2 0.16346494762288477 0.7948537234042553 0.15887187751813053 0.3108776595744681
7 0.2585898468976631 0.6709308510638298 0.16926672038678486 0.320159574468085
7 0.2405157131345689 0.5815824468085107 0.09261885576148267 0.13890957446808508
7 0.3694037066881547 0.5628723404255319 0.06236905721192585 0.13760638297872335
7 0.3238477034649476 0.534029255319149 0.04975825946817083 0.1089627659574468
7 0.39804593070104755 0.5334707446808511 0.040733279613215156 0.09242021276595745
7 0.4199435938759066 0.5255186170212766 0.028267526188557646 0.06699468085106382
2 0.4373368251410153 0.49152925531914893 0.02112006446414185 0.0775797872340426
6 0.22492747784045125 0.5293218085106383 0.08037872683319904 0.1485904255319149