7 0.2979307568438003 0.6228 0.12004830917874393 0.23605333333333336
7 0.8920692431561997 0.7449600000000001 0.21425120772946862 0.5047466666666667
7 0.7490942028985508 0.6856933333333333 0.19754428341384855 0.3855200000000001
7 0.35857487922705317 0.5721333333333334 0.07790660225442833 0.15637333333333336
7 0.6484782608695653 0.5930266666666666 0.09929146537842194 0.22114666666666677
7 0.3889653784219002 0.55188 0.06081320450885671 0.11816
7 0.606622383252818 0.5585866666666667 0.07173107890499197 0.16170666666666664
7 0.43933172302737517 0.5136266666666667 0.029001610305958117 0.07130666666666662
7 0.5856723027375201 0.5401866666666667 0.049412238325281806 0.12511999999999995
7 0.575901771336554 0.5244800000000001 0.03793880837359099 0.10159999999999998
1 0.46187600644122384 0.4862266666666666 0.02938808373590982 0.04456000000000002
1 0.5205797101449275 0.48484 0.05119162640901775 0.04178666666666671