8 0.5530210016155088 0.5912165775401069 0.030355411954765692 0.2825935828877005
8 0.36884087237479807 0.5634491978609626 0.024693053311793254 0.20743315508021393
8 0.33894991922455575 0.5636497326203209 0.019854604200323134 0.19510695187165775
3 0.05412762520193862 0.8744652406417113 0.10825525040387723 0.2457219251336898
8 0.6437883683360258 0.5397192513368984 0.022390953150242348 0.1903475935828877
8 0.6118982229402261 0.5342112299465241 0.020452342487883725 0.18756684491978612
8 0.5224717285945072 0.5393716577540106 0.02093699515347331 0.17617647058823527
8 0.5832754442649435 0.5954946524064171 0.02459612277867532 0.2681550802139038
8 0.6073344103392568 0.5454411764705882 0.027221324717285982 0.21516042780748662
8 0.6280896607431341 0.52524064171123 0.030088852988691437 0.18208556149732627
7 0.45883279483037154 0.5180882352941176 0.03375605815831984 0.08601604278074863
8 0.08455169628432956 0.6370320855614974 0.05228594507269789 0.31802139037433164
3 0.13799273021001615 0.7816042780748663 0.10259289176090469 0.40181818181818174
1 0.48995557350565433 0.48622994652406415 0.018489499192245545 0.05010695187165778