7 0.2319162640901771 0.73284 0.22642512077294683 0.41202666666666665
7 0.09264090177133656 0.7394533333333334 0.18528180354267312 0.4004533333333333
7 0.537926731078905 0.522 0.03865539452495974 0.10528000000000005
7 0.34924718196457327 0.58736 0.08545088566827697 0.18437333333333336
7 0.6871175523349438 0.5014933333333333 0.12814814814814812 0.12783999999999998
7 0.6645772946859904 0.4817066666666666 0.10604669887278585 0.14511999999999997
6 0.8786876006441223 0.4256266666666667 0.11095008051529796 0.1264
1 0.4157487922705314 0.5042666666666666 0.04784219001610312 0.06954666666666662
1 0.44635668276972623 0.48624 0.013454106280193267 0.055679999999999986
1 0.47907004830917876 0.4779066666666667 0.013454106280193267 0.039013333333333323
1 0.5012962962962964 0.4862266666666667 0.017648953301127274 0.039013333333333323
1 0.7994484702093397 0.4403733333333333 0.0855797101449275 0.0695466666666667
1 0.5704830917874396 0.4667866666666667 0.036940418679549114 0.04456000000000002
1 0.6233212560386473 0.48624 0.07216586151368759 0.08901333333333332