7 0.9097020933977455 0.7752666666666668 0.17898550724637677 0.4441333333333334
7 0.09239130434782608 0.6251866666666667 0.18478260869565216 0.2525066666666667
8 0.32506038647343 0.54432 0.01797906602254427 0.18885333333333332
0 0.8645008051529791 0.57236 0.11790660225442838 0.2643466666666667
7 0.45910225442834135 0.5112266666666666 0.08182769726247986 0.10959999999999999
7 0.6611272141706923 0.4930533333333333 0.08404186795491143 0.08375999999999999
6 0.8804750402576491 0.47276 0.08838969404186793 0.10855999999999995
7 0.5033816425120773 0.5022266666666666 0.050628019323671496 0.07543999999999998
7 0.2532809983896941 0.5251333333333333 0.07775362318840578 0.09421333333333337
7 0.46746779388083737 0.4957733333333334 0.020829307568438007 0.04695999999999996
7 0.4346296296296296 0.49591999999999997 0.024524959742350985 0.04816000000000001
1 0.5918679549114332 0.46816 0.009259259259259259 0.02512000000000004
1 0.5453220611916264 0.47373333333333334 0.010096618357487893 0.02512000000000004