7 0.08341384863123993 0.6955333333333333 0.16682769726247987 0.5874933333333334
7 0.8513607085346214 0.76848 0.2956682769726248 0.45770666666666665
7 0.6042793880837359 0.5954666666666667 0.0960305958132045 0.2549866666666667
7 0.12078099838969404 0.6770266666666667 0.24156199677938808 0.34077333333333326
7 0.19893317230273752 0.6339333333333333 0.1937600644122383 0.26061333333333325
7 0.2280233494363929 0.6006533333333334 0.2000563607085346 0.22935999999999998
7 0.5699154589371981 0.5595600000000001 0.06342190016103058 0.14349333333333333
7 0.5427818035426731 0.5295466666666667 0.03801127214170695 0.11333333333333333
7 0.36947262479871174 0.51144 0.06471014492753624 0.11792
7 0.39753623188405796 0.5242266666666667 0.05737520128824476 0.07480000000000003
7 0.5244122383252817 0.5103066666666667 0.02347826086956519 0.0646133333333333
1 0.4480314009661835 0.4862266666666666 0.0537117552334943 0.05010666666666665
1 0.5004508856682769 0.4792666666666667 0.0209983896940419 0.04733333333333333
1 0.48367954911433175 0.4723333333333333 0.007584541062801991 0.022320000000000013