7 0.4999798711755234 0.5603999999999999 0.0541143317230274 0.1467733333333333
6 0.7856159420289857 0.6513066666666667 0.28326086956521745 0.6920533333333333
6 0.07725040257648953 0.54124 0.15450080515297906 0.24413333333333337
7 0.2310547504025765 0.6387066666666668 0.18314009661835748 0.3598133333333334
7 0.28816022544283415 0.60416 0.15438808373590981 0.23232
7 0.3324355877616747 0.57572 0.1359339774557166 0.18365333333333334
7 0.39006441223832533 0.5369066666666666 0.08130434782608698 0.13093333333333332
7 0.42847020933977453 0.5055066666666667 0.05689210950080517 0.07581333333333336
7 0.61414653784219 0.5715333333333333 0.07637681159420291 0.15922666666666668
7 0.5825322061191627 0.5284533333333333 0.05377616747181962 0.13349333333333335
8 0.551694847020934 0.5226266666666667 0.013148148148148181 0.11373333333333335
7 0.49447665056360707 0.5182800000000001 0.03161030595813204 0.0955466666666667
7 0.19852254428341384 0.5098133333333333 0.080829307568438 0.10608000000000001