7 0.47831184528605963 0.5253191489361703 0.03546333601933924 0.10670212765957449
7 0.15207091055600322 0.736595744680851 0.30414182111200644 0.5214893617021277
7 0.06049153908138597 0.6876595744680851 0.12098307816277194 0.34755319148936165
7 0.26833601933924256 0.5526063829787234 0.08543916196615631 0.16377659574468081
7 0.36834004834810635 0.5723537234042554 0.0771474617244158 0.17087765957446807
7 0.3273569701853344 0.5369680851063829 0.05647058823529415 0.10670212765957449
7 0.4200725221595488 0.534375 0.04049959709911365 0.09284574468085105
7 0.38881950040290086 0.5115292553191488 0.029033037872683343 0.06343085106382977
6 0.44150684931506845 0.4806648936170213 0.022175664786462514 0.08765957446808513
7 0.06792908944399677 0.595531914893617 0.13585817888799354 0.20164893617021276
7 0.18214746172441582 0.5551994680851063 0.08721192586623693 0.13178191489361704