0 0.6923161764705882 0.5713513513513514 0.045449346405228755 0.3193513513513514
8 0.569889705882353 0.5982162162162163 0.0321323529411765 0.2770810810810811
2 0.35510620915032676 0.5791216216216216 0.052712418300653624 0.29802702702702716
0 0.4075081699346405 0.524945945945946 0.032271241830065314 0.15027027027027026
8 0.7068872549019608 0.5133648648648649 0.018790849673202614 0.21586486486486486
8 0.5584150326797386 0.4926351351351351 0.014428104575163466 0.12197297297297297
8 0.5461356209150326 0.4935675675675676 0.012254901960784314 0.11178378378378383
8 0.5591503267973856 0.4858378378378378 0.008790849673202606 0.11194594594594591
8 0.581062091503268 0.4756486486486487 0.013071895424836602 0.1178918918918919
8 0.5924509803921569 0.48489189189189186 0.009264705882352967 0.12691891891891888
1 0.46727941176470594 0.4667297297297297 0.026895424836601275 0.05562162162162158