7 0.09105877616747182 0.6768000000000001 0.18211755233494364 0.26650666666666656
7 0.13779790660225444 0.6159466666666668 0.19004025764895333 0.2533866666666667
7 0.20598228663446053 0.6058133333333333 0.16128824476650566 0.20085333333333324
7 0.2661996779388084 0.5716666666666667 0.1203220611916264 0.15960000000000005
7 0.3219363929146538 0.5497866666666668 0.0549838969404187 0.10047999999999994
7 0.34631642512077293 0.5425599999999999 0.07338969404186793 0.09562666666666662
7 0.4001127214170692 0.5290666666666667 0.027971014492753583 0.0717866666666667
1 0.821243961352657 0.4907733333333334 0.3542914653784219 0.17472000000000001
1 0.4182125603864734 0.5106666666666667 0.044283413848631194 0.044
1 0.5029710144927537 0.5001066666666667 0.01932367149758454 0.03343999999999998
1 0.5436433172302737 0.5014933333333333 0.036932367149758456 0.05845333333333338