7 0.04302334943639292 0.6517866666666666 0.08604669887278583 0.26816
7 0.11159822866344607 0.6061333333333333 0.19989533011272143 0.23418666666666665
7 0.3080475040257649 0.5377066666666667 0.056030595813204485 0.12346666666666663
7 0.3297383252818035 0.52468 0.05031400966183571 0.09970666666666662
7 0.35550724637681164 0.5214 0.03673107890499195 0.07442666666666665
7 0.37064814814814817 0.5026266666666667 0.04107085346215785 0.06658666666666667
7 0.5348188405797102 0.48896000000000006 0.019524959742351047 0.05221333333333337
8 0.21832528180354266 0.5880933333333334 0.02066022544283416 0.20600000000000007
8 0.2195209339774557 0.6188133333333333 0.015032206119162653 0.1447733333333333
1 0.8267834138486313 0.4709466666666666 0.3432125603864734 0.18066666666666667
1 0.2828099838969404 0.5223466666666666 0.052028985507246384 0.09456000000000002
1 0.45055152979066027 0.49176 0.023518518518518546 0.038986666666666676
1 0.5541304347826087 0.4695599999999999 0.02099838969404181 0.04456000000000002