7 0.947312091503268 0.5702972972972973 0.10374183006535949 0.13891891891891894
7 0.8944444444444444 0.5626486486486487 0.10259803921568622 0.13183783783783784
7 0.8256740196078431 0.5627027027027026 0.09476307189542475 0.14205405405405405
7 0.5062540849673203 0.506972972972973 0.027949346405228788 0.08194594594594601
0 0.09153186274509803 0.7305405405405405 0.18306372549019606 0.5335135135135135
8 0.6636274509803921 0.6069189189189189 0.04542483660130721 0.36978378378378385
8 0.6977696078431372 0.6092567567567567 0.04808823529411766 0.3245135135135135
8 0.4168627450980392 0.5665810810810811 0.03820261437908496 0.27294594594594596
8 0.2459722222222222 0.5252972972972973 0.026846405228758183 0.21113513513513507
8 0.27580065359477124 0.5352972972972974 0.026552287581699346 0.19091891891891888
8 0.18283496732026144 0.5120945945945946 0.022009803921568625 0.1875945945945946
8 0.2102941176470588 0.5115 0.020212418300653578 0.1847837837837838
8 0.24066176470588235 0.5151891891891892 0.018709150326797368 0.16778378378378375
1 0.3110906862745098 0.4792297297297297 0.028570261437908473 0.08062162162162158
1 0.45678104575163403 0.47786486486486485 0.005898692810457538 0.038972972972973016