8 0.24432956381260099 0.6940374331550802 0.05977382875605816 0.6065775401069519
8 0.19210016155088852 0.7213770053475936 0.16631663974151856 0.5518983957219251
8 0.5325848142164781 0.5441844919786096 0.025315024232633307 0.2406149732620321
8 0.3898990306946688 0.5222326203208556 0.018037156704361908 0.1604010695187166
8 0.37407915993537966 0.5207887700534759 0.01615508885298869 0.15184491978609624
8 0.5134733441033925 0.509024064171123 0.016962843295638127 0.16216577540106947
8 0.5634531502423263 0.5463368983957219 0.021542810985460386 0.23267379679144387
8 0.5944426494345718 0.5129946524064172 0.022617124394184167 0.19101604278074874
8 0.6223546042003231 0.4916844919786096 0.015613893376413604 0.16668449197860963
7 0.45986672051696287 0.49024064171122994 0.030282714054927218 0.07786096256684494
8 0.2510096930533118 0.5700267379679145 0.03016155088852991 0.25235294117647056
8 0.5876777059773829 0.5379545454545455 0.01508077544426491 0.19355614973262028