7 0.46875100725221597 0.5212234042553192 0.034198227236099964 0.10292553191489366
7 0.1580177276390008 0.7450664893617021 0.3160354552780016 0.5045478723404255
7 0.3151974214343271 0.6181117021276595 0.10412570507655114 0.22787234042553192
7 0.1730378726833199 0.6047473404255319 0.14128928283642225 0.2121542553191489
7 0.09184125705076551 0.5792420212765957 0.12698630136986302 0.16135638297872337
7 0.25299758259468175 0.5584840425531915 0.07514907332796136 0.13946808510638298
6 0.324822723609992 0.500345744680851 0.06506849315068493 0.18335106382978722
7 0.21771958098307817 0.5455718085106382 0.07084609186140209 0.10869680851063832
7 0.3498066075745367 0.5228590425531916 0.037228041901692176 0.07970744680851063
2 0.39807010475423044 0.4920744680851064 0.05365834004834809 0.18250000000000002
5 0.4306768734891217 0.4604122340425532 0.023545527800161184 0.1233244680851064
7 0.2775020145044319 0.5216223404255319 0.043916196615632556 0.08393617021276596