8 0.752059773828756 0.6988101604278075 0.0912762520193861 0.5970320855614973
8 0.30918416801292403 0.5562700534759358 0.03231017770597738 0.27360962566844915
8 0.6860096930533117 0.6918449197860963 0.05735056542810985 0.5140641711229946
8 0.5412237479806139 0.6618582887700536 0.05189822294022617 0.46157754010695196
8 0.4238126009693053 0.625120320855615 0.046042003231017724 0.3783155080213904
8 0.601239903069467 0.6044251336898396 0.04953957996768985 0.3698663101604279
8 0.48637318255250406 0.578783422459893 0.0390468497576736 0.31366310160427807
8 0.5477302100161551 0.6465374331550803 0.04038772213247173 0.38462566844919793
8 0.5306219709208401 0.5542914438502674 0.03877221324717286 0.28735294117647064
8 0.5602261712439418 0.604933155080214 0.06612277867528273 0.3535561497326204
7 0.4092932148626817 0.543355614973262 0.07083198707592887 0.1756417112299465