7 0.47849717969379535 0.5123005319148937 0.027582594681708223 0.08300531914893612
7 0.0655398871877518 0.6590824468085106 0.1310797743755036 0.3568351063829787
2 0.0982433521353747 0.8334308510638297 0.1964867042707494 0.3278191489361702
7 0.22457695406929895 0.7034308510638299 0.20644641418211124 0.37691489361702135
7 0.22306204673650282 0.5905984042553192 0.10257856567284451 0.15077127659574469
7 0.36195406929895246 0.5682313829787234 0.06766317485898471 0.147313829787234
7 0.3161764705882353 0.5351329787234042 0.05306204673650284 0.11425531914893619
7 0.3944439967767929 0.5355053191489362 0.04302175664786466 0.0967021276595745
7 0.4178565672844481 0.5258510638297872 0.02942788074133766 0.06925531914893622
2 0.43650684931506845 0.4917952127659575 0.021700241740531787 0.07954787234042553
6 0.21139403706688153 0.5304920212765958 0.08680096696212732 0.15688829787234046