7 0.6628381642512078 0.663 0.1550322061191626 0.30578666666666665
7 0.06811996779388084 0.7377333333333332 0.13623993558776168 0.5033066666666666
7 0.10200483091787439 0.6214666666666666 0.20400966183574878 0.40352
7 0.5482407407407407 0.5260666666666667 0.044162640901771355 0.12066666666666667
7 0.3423309178743961 0.53224 0.09359903381642512 0.12213333333333336
8 0.23272141706924312 0.50588 0.012351046698872766 0.13304000000000005
2 0.34979468599033814 0.58172 0.06263285024154587 0.12050666666666666
2 0.33087359098228664 0.59164 0.036368760064412205 0.15250666666666665
2 0.35795893719806765 0.57048 0.05491948470209338 0.11834666666666666
1 0.4157447665056361 0.5014933333333333 0.11493558776167472 0.09178666666666671
1 0.511779388083736 0.4904 0.036940418679549114 0.064