7 0.62841384863124 0.63168 0.12006441223832529 0.25471999999999995
7 0.11330917874396135 0.6995733333333333 0.2266183574879227 0.36192
7 0.15628019323671496 0.6425333333333333 0.23122383252818035 0.2851733333333334
7 0.19413043478260872 0.62248 0.2003703703703704 0.22890666666666676
7 0.24788244766505638 0.5967333333333332 0.16003220611916263 0.19794666666666663
7 0.5551650563607086 0.5588133333333334 0.0609742351046699 0.13688000000000003
7 0.3551207729468599 0.5483066666666667 0.10125603864734299 0.11469333333333331
7 0.5375281803542672 0.52824 0.03732689210950082 0.08480000000000003
7 0.3552415458937198 0.53984 0.07971014492753623 0.10810666666666673
7 0.36250805152979065 0.51924 0.0665619967793881 0.10989333333333327
7 0.5186876006441224 0.49989333333333336 0.022657004830917864 0.06751999999999998
1 0.44132850241545896 0.50012 0.067133655394525 0.07789333333333336
1 0.5004549114331723 0.49038666666666664 0.026030595813204542 0.05288000000000003