7 0.8639170692431563 0.7276400000000001 0.27055555555555555 0.5393866666666667
7 0.6996095008051529 0.6588933333333333 0.19929951690821254 0.5019999999999999
7 0.6172141706924315 0.56128 0.11045088566827693 0.30144
7 0.5835185185185185 0.5428133333333334 0.06223832528180351 0.17714666666666667
8 0.54079307568438 0.48733333333333334 0.01261674718196454 0.10981333333333335
8 0.547037037037037 0.49148000000000003 0.011272141706924315 0.10578666666666664
7 0.43859500805152973 0.4937733333333333 0.02485507246376812 0.082
8 0.49587761674718195 0.4843066666666667 0.00644122383252818 0.06818666666666665
7 0.36558373590982285 0.54952 0.05896135265700485 0.13573333333333334
7 0.08237117552334944 0.7645466666666666 0.16474235104669888 0.46557333333333334
7 0.20055958132045087 0.6893333333333334 0.20105475040257648 0.36757333333333336
7 0.3015619967793881 0.59104 0.1059903381642512 0.2251733333333334