7 0.08634460547504025 0.7585733333333334 0.1726892109500805 0.47752
7 0.637451690821256 0.6320133333333333 0.12508051529790662 0.2519733333333334
7 0.10580515297906602 0.67684 0.21161030595813204 0.38760000000000006
7 0.14355072463768115 0.5941466666666667 0.22204508856682773 0.32903999999999994
7 0.5471256038647343 0.5213599999999999 0.04114331723027377 0.11306666666666668
7 0.35539855072463766 0.5299866666666667 0.08627214170692435 0.11303999999999996
8 0.2556723027375201 0.49987999999999994 0.011537842190016091 0.12269333333333339
2 0.36532608695652175 0.5665333333333333 0.05644927536231885 0.10890666666666668
2 0.3703301127214171 0.5630133333333334 0.04980676328502417 0.10757333333333334
1 0.42329307568438007 0.5056666666666667 0.1115780998389694 0.08344000000000006
1 0.5092552334943639 0.49455999999999994 0.04699677938808374 0.06677333333333331