7 0.06676328502415459 0.6357066666666668 0.13352657004830917 0.4110933333333334
7 0.16401771336553944 0.6206666666666667 0.2918679549114332 0.3050666666666666
6 0.20270128824476652 0.4836533333333333 0.29583735909822867 0.4570666666666666
7 0.6831843800322062 0.6903999999999999 0.18826892109500798 0.38730666666666663
7 0.7593961352657005 0.5861333333333334 0.1617230273752012 0.20757333333333342
7 0.6902495974235104 0.5588000000000001 0.15801932367149757 0.16432000000000002
7 0.30985507246376814 0.5329333333333334 0.13035426731078908 0.1528533333333333
7 0.5207004830917875 0.49317333333333335 0.020772946859903437 0.05082666666666667
7 0.41423107890499195 0.48819999999999997 0.05622383252818034 0.0686133333333333
7 0.582890499194847 0.5082 0.06367149758454109 0.07959999999999999
7 0.3735748792270532 0.5178933333333333 0.0875523349436393 0.10789333333333335
7 0.6254951690821257 0.5166266666666667 0.08023349436392922 0.11058666666666667
1 0.4630072463768116 0.4728266666666667 0.0573832528180355 0.05264000000000003
1 0.505096618357488 0.4748933333333333 0.01892109500805153 0.0284533333333333