7 0.6453502415458938 0.5985866666666666 0.10817230273752015 0.21930666666666662
7 0.9529589371980677 0.55572 0.09247181964573262 0.2649333333333333
7 0.6048148148148149 0.5548133333333334 0.06607085346215785 0.16098666666666667
7 0.4099436392914654 0.5315066666666667 0.048132045088566805 0.10850666666666665
7 0.8403381642512078 0.5229066666666666 0.15940418679549115 0.16432000000000002
7 0.4263244766505636 0.5215599999999999 0.040909822866344606 0.09421333333333337
7 0.9174355877616747 0.5554666666666667 0.16351851851851845 0.20805333333333337
7 0.5623188405797103 0.4909866666666667 0.02264090177133656 0.07429333333333336
7 0.24627214170692432 0.53936 0.08336553945249597 0.08848000000000002
1 0.45474235104669886 0.5056666666666667 0.016811594202898548 0.055653333333333346
1 0.5088365539452495 0.4806666666666667 0.05622383252818039 0.055679999999999986