7 0.477389202256245 0.5122207446808511 0.03221595487510065 0.09694148936170209
7 0.06701853344077358 0.7699202127659575 0.13403706688154715 0.4548404255319149
7 0.08117244157937148 0.6579787234042552 0.16234488315874296 0.29914893617021276
7 0.28446817082997583 0.6288031914893617 0.12954875100725224 0.2418617021276595
7 0.2411120064464142 0.5605718085106383 0.08678485092667203 0.14694148936170212
7 0.3419016921837228 0.5541090425531915 0.072522159548751 0.1506648936170212
2 0.39575342465753427 0.502406914893617 0.04712328767123289 0.15986702127659577
6 0.4081385979049154 0.49005319148936166 0.045576148267526144 0.14808510638297875
7 0.42614020950846093 0.4990558510638297 0.02639806607574536 0.0740691489361702
6 0.4420668815471394 0.4772739361702128 0.01870265914585015 0.06981382978723404
7 0.017397260273972603 0.6013696808510638 0.034794520547945205 0.23257978723404252