8 0.5362439418416801 0.7038368983957219 0.05924071082390946 0.5869786096256685
8 0.5098949919224556 0.6727139037433156 0.08310177705977392 0.46125668449197865
8 0.3871001615508885 0.662927807486631 0.05303715670436185 0.44216577540106955
8 0.3009168012924071 0.6269786096256684 0.041462035541195465 0.3635828877005348
8 0.4836672051696284 0.603235294117647 0.04038772213247173 0.353475935828877
8 0.36210016155088853 0.5851604278074867 0.033117932148626815 0.3188235294117648
8 0.39394991922455574 0.6367513368983957 0.047382875605815805 0.3588502673796792
8 0.4127221324717286 0.5622192513368983 0.054959612277867546 0.2794652406417112
8 0.44263327948303716 0.6008155080213904 0.04281098546042003 0.3400802139037433
7 0.3683441033925687 0.5605614973262032 0.08222940226171245 0.1944919786096257
1 0.2499555735056543 0.5584358288770054 0.05205977382875605 0.26676470588235296