8 0.781268115942029 0.548 0.044822866344605444 0.35375999999999996
0 0.15794685990338164 0.7407466666666666 0.1532206119162641 0.5131733333333334
0 0.32510466988727854 0.5992666666666666 0.04655394524959742 0.2958666666666666
7 0.665084541062802 0.6353466666666666 0.15269726247987117 0.3634933333333334
7 0.5953985507246377 0.55712 0.09012077294685995 0.2558933333333333
7 0.566755233494364 0.5262800000000001 0.06394524959742348 0.19256
7 0.5518478260869565 0.5182133333333333 0.0432286634460548 0.12976
8 0.5141062801932367 0.4763066666666667 0.011803542673107865 0.0906933333333333
8 0.5196618357487922 0.47888 0.00966183574879227 0.08778666666666664
7 0.43736714975845414 0.47977333333333333 0.021449275362318828 0.07181333333333335
8 0.4786795491143317 0.47596000000000005 0.008051529790660225 0.061093333333333326
7 0.3846940418679549 0.5236133333333334 0.042785829307568427 0.10477333333333332
7 0.10397342995169082 0.7689333333333334 0.20794685990338163 0.45680000000000004
7 0.22537037037037033 0.6598799999999999 0.1618679549114332 0.30791999999999997
7 0.30495169082125606 0.59064 0.10000000000000003 0.20704000000000003
7 0.3488244766505636 0.5457866666666668 0.06771336553945251 0.15578666666666663