7 0.927109500805153 0.6275733333333333 0.14417069243156194 0.73952
7 0.28544685990338164 0.6199600000000001 0.11917069243156199 0.25847999999999993
7 0.2565177133655394 0.7383333333333333 0.2818921095008052 0.518
7 0.7653381642512078 0.4573066666666667 0.14347826086956525 0.17221333333333336
7 0.8553099838969405 0.44284 0.07089371980676325 0.11533333333333333
6 0.9640579710144929 0.42077333333333333 0.07027375201288243 0.13551999999999997
7 0.8948389694041867 0.4443866666666666 0.08077294685990333 0.10472000000000002
7 0.38016908212560385 0.5500933333333333 0.05322061191626411 0.11581333333333335
7 0.3469645732689211 0.5776133333333334 0.07930756843800323 0.16957333333333335
7 0.563683574879227 0.5081333333333333 0.04218196457326891 0.09743999999999998
7 0.4008373590982287 0.5317066666666667 0.039516908212560375 0.09840000000000002
7 0.5053623188405798 0.51492 0.02887278582930758 0.07378666666666671
7 0.5734178743961352 0.5050266666666666 0.07115136876006442 0.08306666666666668
7 0.48746376811594205 0.4806266666666667 0.03262479871175531 0.041680000000000064
1 0.4283252818035427 0.5167866666666667 0.027713365539452556 0.08343999999999997