8 0.47932956381260095 0.5562299465240642 0.01615508885298869 0.14406417112299463
8 0.493857027463651 0.5489037433155081 0.016987075928917586 0.14877005347593586
8 0.23707996768982229 0.7101604278074867 0.06485460420032307 0.5014973262032085
8 0.2611712439418417 0.6064572192513369 0.030258481421647804 0.2446256684491979
7 0.129297253634895 0.6651737967914438 0.25859450726979 0.6643048128342246
8 0.24365508885298867 0.6119786096256684 0.04247980613893374 0.26882352941176463
8 0.6530048465266559 0.617620320855615 0.04411954765751212 0.35561497326203206
8 0.8582512116316638 0.6561229946524064 0.07487075928917604 0.4659893048128341
8 0.2809854604200323 0.5821122994652406 0.023747980613893358 0.17754010695187167
8 0.4106744749596123 0.548903743315508 0.012980613893376455 0.1385026737967915
7 0.3355977382875606 0.5645855614973262 0.08915993537964463 0.23483957219251334
6 0.37345315024232634 0.541524064171123 0.05306138933764135 0.16882352941176468
1 0.5818497576736672 0.6042780748663101 0.07135702746365108 0.15844919786096254