8 0.3113327948303716 0.7092647058823529 0.07652665589660744 0.5761229946524065
8 0.3218336025848142 0.7221122994652406 0.05355411954765752 0.5464705882352942
8 0.21342084006462034 0.7318181818181818 0.05732633279483037 0.5266844919786096
8 0.153251211631664 0.6698930481283423 0.06096122778675283 0.40775401069518724
8 0.3721970920840064 0.6323529411764706 0.036882067851373206 0.4045989304812835
8 0.21917205169628437 0.6857486631016042 0.04708400646203556 0.41171122994652404
8 0.32062197092084005 0.6410026737967914 0.058109854604200324 0.3886363636363637
7 0.3216235864297254 0.5977139037433155 0.10550888529886915 0.23745989304812834
0 0.399592084006462 0.5237165775401069 0.02188206785137321 0.15941176470588236
8 0.5392043618739903 0.5104812834224599 0.018021001615508934 0.15320855614973258
8 0.4392730210016155 0.5163101604278074 0.010306946688206777 0.12101604278074864
8 0.44853392568659123 0.5143181818181819 0.011672051696284366 0.1257486631016043
1 0.4194709208400646 0.49316844919786096 0.01010500807754442 0.06954545454545452