8 0.5621977124183006 0.47570270270270265 0.012663398692810458 0.1527027027027027
8 0.23700571895424838 0.5307567567567567 0.03241013071895426 0.32486486486486493
8 0.6093586601307189 0.655391891891892 0.052834967320261494 0.5196486486486486
8 0.6856535947712419 0.6233513513513513 0.051748366013071825 0.5307027027027027
8 0.5460375816993464 0.5508108108108108 0.034035947712418274 0.3403243243243243
8 0.5173447712418301 0.5498918918918918 0.0392156862745098 0.33670270270270275
8 0.6016462418300653 0.539027027027027 0.0542075163398693 0.3186486486486486
8 0.6483210784313727 0.5429459459459459 0.028864379084967355 0.29967567567567566
8 0.9228104575163398 0.5955945945945946 0.03459150326797397 0.2108648648648648
8 0.4083415032679738 0.5517837837837839 0.03186274509803917 0.3338378378378379
8 0.4153472222222222 0.546054054054054 0.025057189542483673 0.28075675675675676
8 0.4498039215686274 0.529445945945946 0.02805555555555558 0.3118108108108108
8 0.48267973856209145 0.5495675675675675 0.0258660130718954 0.25562162162162155
8 0.48147058823529404 0.5202972972972972 0.03790849673202613 0.2723243243243243
8 0.384468954248366 0.4968378378378378 0.02070261437908495 0.2118378378378379
8 0.4406045751633987 0.49547297297297294 0.015522875816993464 0.19505405405405402
8 0.46665441176470585 0.48518918918918913 0.017704248366013038 0.2098918918918919
8 0.5068055555555556 0.4860405405405406 0.029395424836601323 0.2005135135135135
6 0.10926470588235294 0.49864864864864866 0.2185294117647059 0.9972972972972973
1 0.31193218954248364 0.46120270270270264 0.09574346405228758 0.10008108108108109