7 0.4784770346494762 0.5138297872340425 0.03337630942788071 0.10042553191489367
7 0.13782836422240127 0.7644414893617022 0.27565672844480255 0.4657978723404255
7 0.15456083803384368 0.5964228723404256 0.13753424657534244 0.20609042553191492
7 0.2911764705882353 0.590625 0.11123287671232879 0.21252659574468077
6 0.2935132957292506 0.5295611702127659 0.06860596293311844 0.1483244680851064
2 0.37532232070910554 0.5140425531914894 0.06073327961321515 0.19968085106382974
6 0.39476631748589847 0.49722074468085103 0.056929895245769566 0.1791223404255319
7 0.3275624496373892 0.5319946808510638 0.042344883158742914 0.08547872340425529
7 0.4191861402095085 0.5014494680851064 0.03060435132957294 0.08390957446808506
6 0.4400966962127316 0.47690159574468083 0.020564061240934715 0.07566489361702125
7 0.2146253021756648 0.5442154255319149 0.07969379532634972 0.1208244680851064