6 0.7990660225442835 0.49866666666666665 0.28832528180354267 0.9973333333333333
7 0.6590700483091788 0.5962533333333334 0.155354267310789 0.40440000000000004
7 0.5988808373590981 0.5636666666666666 0.08892109500805148 0.21160000000000007
7 0.5415821256038648 0.5290666666666667 0.052842190016103054 0.12186666666666664
7 0.039895330112721415 0.6076933333333333 0.07979066022544283 0.1748533333333334
2 0.14905394524959742 0.6006533333333334 0.037608695652173896 0.1456266666666667
0 0.39479871175523346 0.5194 0.013188405797101446 0.1087733333333333
7 0.36549114331723026 0.5433866666666666 0.039452495974235106 0.10389333333333335
7 0.5089130434782608 0.5155866666666666 0.0459420289855073 0.11
7 0.4721739130434783 0.5067466666666667 0.031223832528180423 0.06901333333333332
0 0.4108896940418679 0.51192 0.012568438003220623 0.0990933333333334
1 0.4438365539452496 0.49593333333333334 0.0352576489533011 0.052879999999999955