7 0.8609500805152979 0.7184533333333334 0.2764895330112721 0.55776
7 0.4338365539452496 0.6035066666666666 0.13071658615136877 0.26247999999999994
7 0.7506642512077295 0.7329200000000001 0.19235909822866343 0.47821333333333327
7 0.6960869565217391 0.6007600000000001 0.11177133655394529 0.29074666666666665
7 0.9558534621578101 0.47459999999999997 0.08668276972624805 0.19666666666666666
6 0.9030998389694043 0.4636933333333333 0.1393880837359099 0.2226933333333333
6 0.8100764895330113 0.48252 0.11928341384863131 0.19703999999999997
7 0.49264090177133646 0.51052 0.05043478260869564 0.11298666666666668
7 0.7482971014492753 0.4766000000000001 0.06665861513687597 0.09858666666666667
7 0.6305595813204509 0.4925333333333333 0.034178743961352696 0.09802666666666672
7 0.5243800322061192 0.4918533333333333 0.0347342995169082 0.08290666666666667
5 0.600036231884058 0.43676 0.036256038647342975 0.11767999999999999
1 0.13478260869565217 0.5348266666666667 0.08977455716586151 0.09733333333333333
1 0.3058695652173913 0.5098266666666667 0.031062801932367136 0.04178666666666671
1 0.34025764895330113 0.4959466666666667 0.01932367149758454 0.03621333333333337
1 0.5419726247987118 0.46124 0.02855072463768119 0.07234666666666666
1 0.6841304347826087 0.45149333333333336 0.057906602254428306 0.064