7 0.055100644122383254 0.5852666666666666 0.11020128824476651 0.15880000000000002
6 0.1782165861513688 0.51952 0.06925120772946862 0.10314666666666668
2 0.22293075684380032 0.5229733333333334 0.028599033816425107 0.06898666666666668
7 0.30415458937198064 0.53124 0.0366988727858293 0.07154666666666662
7 0.2730958132045089 0.53196 0.04570853462157808 0.06818666666666673
7 0.3552536231884058 0.5161466666666666 0.028639291465378417 0.055439999999999975
7 0.3312479871175523 0.51588 0.027906602254428363 0.05549333333333334
1 0.3914210950080515 0.5084266666666667 0.015966183574879216 0.038986666666666676
1 0.5340016103059582 0.5028933333333333 0.009259259259259259 0.05010666666666665
1 0.5520330112721417 0.5126266666666667 0.013454106280193267 0.07511999999999996
1 0.6166103059581319 0.5000933333333333 0.1107407407407408 0.055653333333333346