8 0.2611437908496732 0.49674324324324326 0.016339869281045753 0.13343243243243236
8 0.3402369281045752 0.4875405405405405 0.011437908496732025 0.09486486486486485
8 0.2593709150326798 0.46998648648648644 0.011437908496732025 0.0993783783783784
7 0.829187091503268 0.5540405405405405 0.08845588235294116 0.13024324324324324
7 0.8942687908496733 0.557445945945946 0.09881535947712422 0.12467567567567567
7 0.947920751633987 0.5591756756756756 0.10252450980392158 0.12629729729729727
8 0.281952614379085 0.47294594594594597 0.011160130718954268 0.10589189189189191
8 0.26954656862745097 0.47628378378378383 0.015923202614379094 0.09316216216216217
8 0.04988153594771242 0.5556621621621621 0.03404411764705882 0.286027027027027
8 0.022348856209150326 0.5359864864864865 0.03785130718954249 0.29035135135135137
8 0.4444934640522875 0.5934324324324324 0.04493464052287582 0.303891891891892
8 0.5610988562091503 0.575472972972973 0.03486111111111108 0.32245945945945936
0 0.3350816993464052 0.5310405405405406 0.02834967320261437 0.18505405405405406
7 0.5062254901960784 0.5021486486486487 0.029477124183006475 0.07624324324324326
8 0.24756535947712416 0.4727297297297297 0.010620915032679739 0.09870270270270265
8 0.1862091503267974 0.473527027027027 0.011715686274509807 0.11862162162162167
8 0.8761764705882353 0.5244594594594595 0.0196078431372549 0.09805405405405405
1 0.16288398692810457 0.4848108108108108 0.036127450980392155 0.10286486486486487