7 0.4896537842190016 0.5078933333333333 0.020144927536231868 0.0634666666666667
7 0.16517713365539452 0.7716133333333334 0.33035426731078904 0.45143999999999995
7 0.8985305958132044 0.7390666666666666 0.2013285024154589 0.5165333333333333
7 0.8088486312399357 0.7238533333333333 0.304170692431562 0.54696
7 0.6003260869565218 0.5899333333333332 0.09221417069243154 0.21762666666666663
7 0.5422745571658615 0.5278 0.03623993558776167 0.10098666666666668
7 0.571694847020934 0.5555066666666667 0.06078099838969405 0.16471999999999995
7 0.2902214170692432 0.55424 0.07330917874396137 0.0882133333333333
7 0.19732286634460547 0.5608933333333332 0.08272946859903382 0.09208000000000001
7 0.5251489533011271 0.5073466666666666 0.022455716586151357 0.061626666666666705
8 0.7903663446054751 0.6113733333333333 0.041537842190016036 0.4534133333333333
1 0.41028985507246374 0.51816 0.0419645732689211 0.064