7 0.052701288244766505 0.7390133333333333 0.10540257648953301 0.51664
7 0.6546296296296296 0.6584933333333334 0.13590982286634465 0.2957066666666666
7 0.11965780998389695 0.6652133333333333 0.2393156199677939 0.3677600000000001
6 0.17280193236714977 0.617 0.21571658615136874 0.3285066666666667
7 0.25353059581320453 0.5658533333333333 0.145402576489533 0.21442666666666665
7 0.6943478260869566 0.5814266666666666 0.14190016103059583 0.15010666666666672
7 0.6161795491143318 0.5180133333333333 0.09667471819645737 0.12392
7 0.32908615136876007 0.49668 0.10591787439613527 0.18034666666666666
6 0.5286795491143317 0.4776666666666667 0.037004830917874425 0.1265333333333333
7 0.37359098228663445 0.5066666666666667 0.07784219001610307 0.08592000000000008
7 0.3947141706924316 0.49466666666666664 0.06699677938808377 0.09178666666666671
6 0.5129951690821256 0.46816 0.024299516908212613 0.09413333333333336
6 0.43373993558776164 0.46973333333333334 0.0450483091787439 0.07333333333333333
1 0.48409420289855065 0.4723333333333333 0.036932367149758456 0.04455999999999995