8 0.6528392568659127 0.7199866310160428 0.06488691437802911 0.5546791443850267
8 0.7342730210016155 0.7017245989304812 0.0893861066235864 0.5912032085561497
8 0.17915589660743134 0.7199866310160428 0.07942649434571888 0.5546791443850267
8 0.617891760904685 0.5781149732620321 0.025573505654281074 0.2361229946524064
8 0.6207269789983845 0.5675935828877006 0.025040387722132473 0.20983957219251342
8 0.967875605815832 0.5262433155080214 0.04119547657512116 0.2592245989304813
8 0.7433925686591276 0.5328342245989305 0.01991922455573503 0.19989304812834222
8 0.9099717285945074 0.6893449197860962 0.06435379644588052 0.5237165775401069
7 0.4327665589660743 0.5260561497326204 0.047471728594507254 0.14040106951871656
6 0.47866720516962846 0.5025534759358289 0.030516962843295616 0.0883689839572192
1 0.2797536348949919 0.5987032085561497 0.03947495961227787 0.2639839572192512
1 0.3867447495961228 0.5376069518716577 0.015137318255250411 0.1251069518716578
1 0.5856219709208401 0.5403743315508022 0.026882067851373162 0.10288770053475933