7 0.4909460547504026 0.53016 0.04459742351046707 0.12005333333333329
7 0.14281400966183574 0.7728933333333333 0.2856280193236715 0.44888000000000006
7 0.08902173913043478 0.72784 0.17804347826086955 0.41039999999999993
7 0.2755072463768116 0.5826 0.11946859903381642 0.19197333333333336
7 0.31032206119162636 0.55576 0.10932367149758457 0.17487999999999995
7 0.35338969404186793 0.5345733333333333 0.07969404186795488 0.10722666666666661
7 0.4381843800322061 0.5355733333333333 0.04332528180354263 0.10410666666666672
7 0.39497181964573264 0.5069466666666668 0.06622383252818032 0.08610666666666665
7 0.5864251207729468 0.5663866666666666 0.07156199677938808 0.17095999999999997
5 0.5689895330112721 0.44234666666666667 0.07280998389694038 0.27552
8 0.6331400966183575 0.51464 0.01904991948470216 0.15925333333333333
7 0.040861513687600645 0.57652 0.08172302737520129 0.15965333333333334
7 0.4917351046698873 0.5051333333333333 0.028574879227053148 0.08632000000000001
7 0.2232769726247987 0.5189466666666667 0.05962962962962961 0.09208000000000001
1 0.44509661835748787 0.4667866666666667 0.027713365539452462 0.05010666666666665