7 0.958925120772947 0.7548933333333333 0.08053945249597422 0.48488000000000003
7 0.1522061191626409 0.6764666666666667 0.2122061191626409 0.3764533333333333
7 0.424573268921095 0.5232266666666666 0.03903381642512074 0.08341333333333334
7 0.2734138486312399 0.5861999999999999 0.10465378421900162 0.20173333333333326
7 0.3521618357487923 0.5493333333333333 0.05185990338164249 0.10650666666666667
7 0.5184098228663446 0.49773333333333336 0.021521739130434796 0.06229333333333337
7 0.5977375201288244 0.4798 0.06698872785829312 0.0691466666666666
7 0.5905072463768116 0.47019999999999995 0.05832528180354263 0.08274666666666666
6 0.7320933977455717 0.44012000000000007 0.06420289855072464 0.07853333333333339
1 0.39309581320450887 0.5195466666666666 0.026030595813204497 0.10010666666666665
1 0.47235507246376807 0.47789333333333334 0.052037037037037034 0.055679999999999986
1 0.6619041867954911 0.4487333333333334 0.05371175523349439 0.07512000000000005
1 0.8908977455716586 0.4848266666666667 0.09564412238325297 0.15845333333333336