7 0.4790249798549557 0.5174867021276596 0.027139403706688114 0.08167553191489364
7 0.03252618855761483 0.6833909574468084 0.06505237711522965 0.3218351063829787
7 0.13875906526994358 0.6130718085106382 0.1685092667203868 0.25869680851063825
2 0.2483642224012893 0.7108643617021275 0.10636583400483483 0.21896276595744676
7 0.30441982272360996 0.6271675531914893 0.12286059629331182 0.24561170212765965
7 0.26900483481063664 0.5669813829787234 0.0773166800966962 0.11997340425531919
7 0.3810797743755036 0.5523936170212765 0.054149879129734076 0.1215425531914894
7 0.3373045930701048 0.5320345744680851 0.04416599516518937 0.0999202127659575
7 0.4041055600322321 0.5294547872340425 0.03692989524576953 0.0851329787234043
7 0.42373489121676067 0.5249069148936171 0.02618049959709912 0.06289893617021278
2 0.4388718775181306 0.4910372340425532 0.02004834810636583 0.07393617021276598
6 0.24830781627719578 0.5273404255319148 0.06976631748589845 0.13436170212765952
1 0.024943593875906524 0.7390026595744681 0.04969379532634972 0.22789893617021267