7 0.16007648953301126 0.7562533333333334 0.3201529790660225 0.48216000000000003
7 0.3481763285024155 0.6467866666666666 0.11316425120772944 0.28087999999999996
6 0.40347826086956523 0.5218666666666666 0.07301127214170698 0.24095999999999995
7 0.08127616747181964 0.7789066666666667 0.16255233494363927 0.4368533333333333
7 0.7145692431561996 0.60272 0.2642753623188405 0.3314133333333334
7 0.6395692431561997 0.5687466666666666 0.17295491143317226 0.19610666666666673
7 0.27139291465378423 0.6392 0.10544283413848635 0.22570666666666664
7 0.5654911433172302 0.5206266666666667 0.10260869565217387 0.14093333333333333
6 0.43934380032206116 0.5102800000000001 0.042858293075684395 0.12679999999999997
2 0.9518075684380032 0.75692 0.09477455716586154 0.4808266666666667
2 0.9088365539452496 0.7061199999999999 0.1807165861513688 0.44151999999999997
7 0.5184500805152978 0.5128133333333333 0.025966183574879228 0.07602666666666665