7 0.595108695652174 0.4834533333333334 0.02669082125603872 0.08109333333333332
6 0.5257125603864734 0.5199733333333334 0.07989533011272135 0.1787733333333333
7 0.05805152979066022 0.6167866666666667 0.11610305958132044 0.21661333333333338
7 0.4047222222222222 0.5480533333333334 0.09438808373590979 0.16117333333333334
6 0.04568438003220612 0.6138933333333334 0.09136876006441225 0.6831999999999999
7 0.3085950080515298 0.5443466666666666 0.07823671497584542 0.10666666666666667
7 0.4135628019323671 0.5154533333333334 0.03081320450885667 0.06818666666666673
4 0.5074838969404186 0.4612933333333334 0.05435587761674718 0.0849866666666666
1 0.8142028985507247 0.43761333333333335 0.3683735909822866 0.08621333333333336
1 0.25177938808373596 0.52512 0.030225442834138503 0.061226666666666686
1 0.4643880837359098 0.47512000000000004 0.02099838969404181 0.061226666666666686
1 0.17503623188405795 0.5487333333333333 0.10654589371980677 0.07512000000000005